Car 
-7 -8 0 
-6.95776 -8.0011 -0.0518584 
-6.91564 -8.00438 -0.103717 
-6.87374 -8.00984 -0.155575 
-6.83219 -8.01747 -0.207434 
-6.79108 -8.02724 -0.259292 
-6.75054 -8.03913 -0.31115 
-6.71066 -8.0531 -0.363009 
-6.67157 -8.06912 -0.414867 
-6.63335 -8.08715 -0.466725 
-6.59613 -8.10713 -0.518584 
-6.57818 -8.11728 -0.510363 
-6.56056 -8.12709 -0.505892 
-6.54289 -8.13682 -0.50142 
-6.51049 -8.15602 -0.56803 
-6.47943 -8.17733 -0.63464 
-6.44986 -8.20066 -0.70125 
-6.4219 -8.2259 -0.767859 
-6.39569 -8.25295 -0.834469 
-6.37134 -8.28169 -0.901079 
-6.34777 -8.30862 -0.802546 
-6.32165 -8.33311 -0.704013 
-6.29326 -8.35491 -0.605479 
-6.26286 -8.37381 -0.506946 
-6.23074 -8.38963 -0.408413 
-6.19723 -8.40221 -0.30988 
-6.16264 -8.41144 -0.211347 
-6.15202 -8.41377 -0.221443 
-6.14142 -8.41621 -0.231538 
-6.11035 -8.42259 -0.173117 
-6.07895 -8.42714 -0.114697 
-6.04735 -8.42984 -0.0562756 
-6.01564 -8.4307 0.0021453 
-5.98394 -8.42971 0.0605662 
-5.95234 -8.42686 0.118987 
-5.93963 -8.42535 0.118788 
-5.92692 -8.42383 0.118589 
-5.91421 -8.42232 0.11839 
-5.9015 -8.42081 0.11819 
-5.88834 -8.41913 0.135269 
-5.87521 -8.41723 0.152348 
-5.86212 -8.4151 0.169427 
-5.84906 -8.41276 0.186505 
-5.83605 -8.41018 0.203584 
-5.82815 -8.40857 0.199851 
-5.82024 -8.40698 0.196118 
-5.81233 -8.40543 0.192385 
-5.8044 -8.4039 0.188652 
-5.79648 -8.4024 0.184919 
-5.78855 -8.40093 0.181186 
-5.78061 -8.39949 0.177453 
-5.77267 -8.39808 0.17372 
-5.76472 -8.3967 0.169988 
-5.75677 -8.39535 0.166255 
-5.73389 -8.39139 0.177124 
-5.71106 -8.38717 0.187993 
-5.68827 -8.38271 0.198862 
-5.65346 -8.3738 0.30248 
-5.61976 -8.36133 0.406098 
-5.58752 -8.34544 0.509716 
-5.55711 -8.32631 0.613334 
-5.52883 -8.30413 0.716951 
-5.503 -8.27915 0.820569 
-5.4799 -8.25163 0.924187 
-5.45976 -8.22186 1.0278 
-5.44312 -8.19418 1.03129 
-5.42658 -8.16645 1.03478 
-5.41014 -8.13865 1.03826 
-5.40534 -8.13064 1.02421 
-5.40043 -8.1227 1.01016 
-5.39541 -8.11483 0.996104 
-5.39028 -8.10703 0.982052 
-5.38504 -8.09931 0.967999 
-5.3797 -8.09165 0.953946 
-5.37425 -8.08408 0.939894 
-5.34432 -8.04562 0.879127 
-5.31211 -8.00904 0.81836 
-5.27773 -7.97449 0.757593 
-5.24985 -7.94762 0.776167 
-5.22247 -7.92024 0.794741 
-5.1956 -7.89235 0.813315 
-5.16925 -7.86397 0.831889 
-5.14344 -7.8351 0.850463 
-5.11816 -7.80576 0.869037 
-5.09072 -7.77064 0.945996 
-5.06607 -7.73352 1.02295 
-5.04433 -7.69461 1.09991 
-5.02566 -7.65414 1.17687 
-5.01015 -7.61236 1.25383 
-4.9979 -7.56951 1.33079 
-4.98804 -7.53482 1.25686 
-4.97564 -7.50095 1.18294 
-4.96077 -7.46809 1.10901 
-4.94352 -7.43641 1.03508 
-4.92397 -7.4061 0.961153 
-4.90224 -7.37731 0.887225 
-4.87845 -7.35021 0.813298 
-4.85271 -7.32493 0.73937 
-4.83034 -7.30421 0.755197 
-4.80831 -7.28313 0.771024 
-4.7866 -7.26171 0.786851 
-4.76525 -7.23995 0.802677 
-4.74423 -7.21785 0.818504 
-4.72357 -7.19542 0.834331 
-4.70327 -7.17267 0.850158 
-4.68333 -7.1496 0.865985 
-4.66507 -7.12779 0.881596 
-4.63917 -7.09722 0.853775 
-4.61242 -7.06739 0.825953 
-4.58486 -7.03832 0.798132 
-4.55649 -7.01002 0.770311 
-4.52735 -6.98253 0.74249 
-4.49746 -6.95585 0.714668 
-4.46684 -6.93002 0.686847 
-4.43551 -6.90505 0.659026 
-4.42941 -6.90034 0.656393 
-4.42331 -6.89565 0.653759 
-4.41719 -6.89097 0.651126 
-4.41106 -6.88631 0.648493 
-4.40491 -6.88167 0.64586 
-4.39876 -6.87704 0.643226 
-4.39259 -6.87243 0.640593 
-4.38129 -6.86403 0.637987 
-4.36996 -6.85566 0.635382 
-4.35862 -6.84731 0.632776 
-4.34725 -6.839 0.63017 
-4.33586 -6.83071 0.627565 
-4.32445 -6.82246 0.624959 
-4.31301 -6.81423 0.622353 
-4.30156 -6.80604 0.619747 
-4.29008 -6.79787 0.617142 
-4.25904 -6.77344 0.716695 
-4.23059 -6.74604 0.816249 
-4.20499 -6.71594 0.915803 
-4.18252 -6.68346 1.01536 
-4.16338 -6.6489 1.11491 
-4.14778 -6.61261 1.21446 
-4.13586 -6.57495 1.31402 
-4.12774 -6.53629 1.41357 
-4.1235 -6.49701 1.51312 
-4.12319 -6.45751 1.61268 
-4.1233 -6.41056 1.53338 
-4.11968 -6.36375 1.45408 
-4.11237 -6.31737 1.37478 
-4.10141 -6.27172 1.29548 
-4.08686 -6.22708 1.21618 
-4.06883 -6.18374 1.13688 
-4.04742 -6.14195 1.05758 
-4.02276 -6.102 0.978285 
-3.99502 -6.06412 0.898986 
-3.98071 -6.04651 0.878346 
-3.96605 -6.02919 0.857706 
-3.95102 -6.01218 0.837065 
-3.93565 -5.99548 0.816425 
-3.90407 -5.96245 0.799206 
-3.87192 -5.92996 0.781988 
-3.83922 -5.89804 0.764769 
-3.80597 -5.86668 0.74755 
-3.77218 -5.8359 0.730331 
-3.73788 -5.8057 0.713112 
-3.71785 -5.78937 0.65493 
-3.6969 -5.77423 0.596747 
-3.67511 -5.76033 0.538565 
-3.65254 -5.74773 0.480382 
-3.62929 -5.73646 0.4222 
-3.60541 -5.72656 0.364017 
-3.58101 -5.71806 0.305835 
-3.55614 -5.711 0.247652 
-3.52047 -5.7001 0.345345 
-3.48602 -5.68577 0.443039 
-3.45893 -5.67163 0.519379 
-3.433 -5.65546 0.595719 
-3.40837 -5.63735 0.672058 
-3.3852 -5.61743 0.748398 
-3.36361 -5.59579 0.824738 
-3.34374 -5.57257 0.901078 
-3.32569 -5.5479 0.977418 
-3.30958 -5.52193 1.05376 
-3.2955 -5.4948 1.1301 
-3.279 -5.45821 1.16439 
-3.26377 -5.42107 1.19867 
-3.24982 -5.38344 1.23296 
-3.23716 -5.34534 1.26725 
-3.22582 -5.30684 1.30154 
-3.21581 -5.26796 1.33582 
-3.21414 -5.26082 1.34632 
-3.21254 -5.25366 1.35681 
-3.21102 -5.24648 1.36731 
-3.20958 -5.23929 1.3778 
-3.20821 -5.23208 1.3883 
-3.20692 -5.22486 1.39879 
-3.2057 -5.21762 1.40929 
-3.19741 -5.17772 1.32289 
-3.18571 -5.13867 1.2365 
-3.17069 -5.10078 1.1501 
-3.15245 -5.06433 1.06371 
-3.13114 -5.02959 0.977313 
-3.11231 -5.00141 0.986305 
-3.09373 -4.97305 0.995297 
-3.07541 -4.94453 1.00429 
-3.05735 -4.91585 1.01328 
-3.03954 -4.887 1.02227 
-3.022 -4.858 1.03127 
-3.01396 -4.84424 1.05231 
-3.00621 -4.83032 1.07335 
-2.98702 -4.79637 1.03938 
-2.96669 -4.76309 1.00541 
-2.94524 -4.73052 0.971432 
-2.92269 -4.69869 0.937458 
-2.89908 -4.66766 0.903485 
-2.87443 -4.63744 0.869511 
-2.84891 -4.60719 0.870273 
-2.82341 -4.57693 0.871034 
-2.79794 -4.54665 0.871795 
-2.77249 -4.51635 0.872557 
-2.74706 -4.48604 0.873318 
-2.72099 -4.45392 0.904475 
-2.69593 -4.421 0.935632 
-2.67191 -4.38732 0.966789 
-2.64894 -4.35291 0.997946 
-2.62707 -4.3178 1.0291 
-2.60629 -4.28203 1.06026 
-2.58664 -4.24562 1.09142 
-2.58417 -4.24092 1.08229 
-2.58165 -4.23624 1.07317 
-2.5791 -4.23158 1.06405 
-2.57009 -4.21616 1.02071 
-2.56043 -4.20114 0.977382 
-2.55012 -4.18655 0.93405 
-2.53508 -4.16546 0.968954 
-2.52079 -4.14385 1.00386 
-2.50101 -4.11053 1.06594 
-2.48333 -4.07606 1.12802 
-2.46782 -4.04055 1.1901 
-2.45455 -4.00415 1.25219 
-2.44356 -3.967 1.31427 
-2.4349 -3.92923 1.37635 
-2.4286 -3.89101 1.43843 
-2.42468 -3.85246 1.50051 
-2.42316 -3.81375 1.5626 
-2.4252 -3.76892 1.67003 
-2.43203 -3.72458 1.77747 
-2.44359 -3.68122 1.8849 
-2.45972 -3.63935 1.99234 
-2.48025 -3.59946 2.09977 
-2.50494 -3.56199 2.20721 
-2.53351 -3.52739 2.31465 
-2.55891 -3.49946 2.30293 
-2.58399 -3.47123 2.29122 
-2.60873 -3.44271 2.27951 
-2.63313 -3.4139 2.26779 
-2.6572 -3.3848 2.25608 
-2.68093 -3.35543 2.24437 
-2.70431 -3.32578 2.23266 
-2.72734 -3.29586 2.22094 
-2.75001 -3.26567 2.20923 
-2.77234 -3.23522 2.19752 
-2.77946 -3.2257 2.22783 
-2.79691 -3.2015 2.16337 
-2.81277 -3.17622 2.09891 
-2.82696 -3.14998 2.03446 
-2.83944 -3.12288 1.97 
-2.85015 -3.09503 1.90555 
-2.85996 -3.06473 1.86237 
-2.86845 -3.03404 1.81919 
-2.87561 -3.003 1.77601 
-2.87772 -2.9929 1.77595 
-2.87982 -2.9828 1.77588 
-2.8848 -2.95479 1.71765 
-2.88814 -2.92653 1.65941 
-2.88983 -2.89813 1.60118 
-2.88987 -2.86969 1.54294 
-2.88825 -2.84128 1.48471 
-2.88498 -2.81302 1.42647 
-2.88068 -2.77036 1.51436 
-2.88014 -2.72749 1.60224 
-2.88337 -2.68474 1.69012 
-2.88497 -2.67007 1.66793 
-2.88624 -2.65536 1.64573 
-2.88718 -2.64063 1.62354 
-2.88779 -2.62589 1.60134 
-2.88808 -2.61113 1.57915 
-2.88804 -2.59637 1.55696 
-2.88767 -2.58162 1.53476 
-2.88698 -2.56687 1.51257 
-2.88595 -2.55215 1.49038 
-2.8846 -2.53745 1.46818 
-2.88004 -2.50073 1.42634 
-2.87395 -2.46423 1.38451 
-2.86634 -2.42802 1.34267 
-2.85722 -2.39215 1.30083 
-2.84661 -2.3567 1.259 
-2.83452 -2.32173 1.21716 
-2.82098 -2.28729 1.17532 
-2.80602 -2.25345 1.13349 
-2.78965 -2.22026 1.09165 
-2.78263 -2.20659 1.10115 
-2.77573 -2.19285 1.11066 
-2.76897 -2.17904 1.12016 
-2.76234 -2.16518 1.12967 
-2.75585 -2.15125 1.13917 
-2.74948 -2.13725 1.14867 
-2.74325 -2.1232 1.15818 
-2.73716 -2.10909 1.16768 
-2.73119 -2.09492 1.17719 
-2.72982 -2.09157 1.18612 
-2.72847 -2.0882 1.19505 
-2.72715 -2.08482 1.20398 
-2.72587 -2.08142 1.21291 
-2.72461 -2.07802 1.22184 
-2.72339 -2.0746 1.23077 
-2.72219 -2.07118 1.23971 
-2.72103 -2.06774 1.24864 
-2.71989 -2.0643 1.25757 
-2.70282 -2.01805 1.17665 
-2.68206 -1.97333 1.09573 
-2.65776 -1.93043 1.01482 
-2.63006 -1.88965 0.933898 
-2.59916 -1.85123 0.85298 
-2.56526 -1.81543 0.772062 
-2.52858 -1.7825 0.691145 
-2.50718 -1.76494 0.683536 
-2.48566 -1.74754 0.675926 
-2.464 -1.73031 0.668317 
-2.44221 -1.71324 0.660708 
-2.4203 -1.69634 0.653098 
-2.39825 -1.6796 0.645489 
-2.37608 -1.66304 0.63788 
-2.35378 -1.64664 0.63027 
-2.33136 -1.63042 0.622661 
-2.30882 -1.61436 0.615052 
-2.30696 -1.61305 0.613404 
-2.30509 -1.61174 0.611755 
-2.30323 -1.61043 0.610107 
-2.30136 -1.60913 0.608459 
-2.29949 -1.60783 0.606811 
-2.29762 -1.60653 0.605163 
-2.29575 -1.60524 0.603514 
-2.29387 -1.60395 0.601866 
-2.292 -1.60266 0.600218 
-2.28856 -1.60033 0.590763 
-2.2851 -1.59804 0.581308 
-2.28162 -1.59577 0.571852 
-2.27811 -1.59354 0.562397 
-2.27459 -1.59134 0.552942 
-2.27104 -1.58918 0.543486 
-2.26748 -1.58705 0.534031 
-2.26389 -1.58495 0.524576 
-2.26029 -1.58289 0.51512 
-2.21966 -1.559 0.547876 
-2.17985 -1.5338 0.580632 
-2.14087 -1.50731 0.613387 
-2.10279 -1.47956 0.646143 
-2.06564 -1.45057 0.678898 
-2.02945 -1.42038 0.711654 
-2.00109 -1.39558 0.725269 
-1.97836 -1.37439 0.775568 
-1.95672 -1.35208 0.825867 
-1.93623 -1.32871 0.876166 
-1.91694 -1.30434 0.926464 
-1.8989 -1.27902 0.976763 
-1.88216 -1.25284 1.02706 
-1.86676 -1.22585 1.07736 
-1.85273 -1.19811 1.12766 
-1.84011 -1.16971 1.17796 
-1.83663 -1.16141 1.16828 
-1.83306 -1.15315 1.15861 
-1.82941 -1.14492 1.14893 
-1.82569 -1.13673 1.13926 
-1.82189 -1.12857 1.12958 
-1.818 -1.12045 1.11991 
-1.81404 -1.11237 1.11023 
-1.81 -1.10433 1.10055 
-1.7881 -1.06593 1.00432 
-1.76261 -1.02981 0.908086 
-1.73376 -0.996304 0.811853 
-1.70183 -0.965728 0.715619 
-1.66711 -0.938362 0.619385 
-1.62993 -0.914459 0.523151 
-1.59302 -0.892144 0.56461 
-1.55708 -0.868318 0.606068 
-1.52215 -0.843024 0.647527 
-1.50569 -0.830408 0.660434 
-1.4894 -0.81758 0.67334 
-1.47327 -0.804543 0.686247 
-1.4416 -0.775338 0.803587 
-1.41356 -0.742626 0.920927 
-1.38955 -0.706856 1.03827 
-1.36989 -0.668522 1.15561 
-1.35486 -0.62815 1.27295 
-1.34465 -0.586295 1.39029 
-1.33942 -0.543534 1.50763 
-1.33817 -0.510294 1.5593 
-1.33765 -0.479635 1.5481 
-1.33678 -0.448983 1.53689 
-1.33557 -0.418343 1.52569 
-1.33402 -0.387719 1.51448 
-1.33212 -0.357113 1.50328 
-1.32988 -0.326531 1.49207 
-1.3273 -0.295976 1.48086 
-1.32437 -0.265452 1.46966 
-1.3211 -0.234963 1.45845 
-1.3175 -0.204512 1.44725 
-1.31377 -0.180585 1.38574 
-1.30859 -0.156933 1.32424 
-1.30196 -0.133644 1.26273 
-1.29391 -0.110806 1.20122 
-1.29029 -0.101298 1.21282 
-1.28678 -0.0917473 1.22441 
-1.28338 -0.0821569 1.236 
-1.26966 -0.0423286 1.24178 
-1.25616 -0.00242179 1.24755 
-1.24289 0.0375623 1.25332 
-1.22986 0.0776223 1.25909 
-1.21705 0.117757 1.26486 
-1.20448 0.157965 1.27063 
-1.19214 0.198244 1.27641 
-1.18003 0.238595 1.28218 
-1.17424 0.258165 1.28367 
-1.16847 0.277744 1.28517 
-1.16274 0.297331 1.28666 
-1.15703 0.316927 1.28816 
-1.15135 0.336532 1.28965 
-1.14571 0.356145 1.29115 
-1.14009 0.375766 1.29264 
-1.13701 0.386732 1.30137 
-1.13402 0.397725 1.31011 
-1.13114 0.408743 1.31884 
-1.12495 0.433572 1.33439 
-1.11915 0.458495 1.34993 
-1.11318 0.481506 1.28403 
-1.10571 0.504074 1.21812 
-1.09677 0.526101 1.15222 
-1.08639 0.547491 1.08631 
-1.07463 0.568152 1.02041 
-1.06154 0.587993 0.954501 
-1.04717 0.606929 0.888596 
-1.03158 0.624877 0.822691 
-1.01136 0.647075 0.841421 
-0.991563 0.669647 0.860151 
-0.972192 0.692586 0.878882 
-0.960007 0.707497 0.892455 
-0.948025 0.722573 0.906028 
-0.936249 0.737809 0.919601 
-0.924681 0.753204 0.933175 
-0.913322 0.768755 0.946748 
-0.902176 0.784459 0.960321 
-0.891244 0.800312 0.973895 
-0.880529 0.816312 0.987468 
-0.870031 0.832456 1.00104 
-0.859754 0.848742 1.01461 
-0.843512 0.874538 1.00315 
-0.826975 0.900147 0.991683 
-0.810146 0.925564 0.980218 
-0.793026 0.950787 0.968752 
-0.775618 0.975812 0.957286 
-0.757925 1.00064 0.945821 
-0.739948 1.02525 0.934355 
-0.72169 1.04967 0.922889 
-0.701451 1.07423 0.840169 
-0.679251 1.09703 0.757449 
-0.647547 1.1254 0.702571 
-0.614333 1.15199 0.647694 
-0.579711 1.17672 0.592816 
-0.543785 1.19952 0.537938 
-0.506663 1.22031 0.483061 
-0.468456 1.23903 0.428183 
-0.42928 1.25563 0.373305 
-0.389252 1.27005 0.318428 
-0.348494 1.28226 0.26355 
-0.332474 1.28654 0.259423 
-0.316436 1.29077 0.255295 
-0.300382 1.29492 0.251167 
-0.28431 1.29901 0.247039 
-0.283521 1.29921 0.244798 
-0.282731 1.2994 0.242557 
-0.281942 1.2996 0.240316 
-0.281152 1.29979 0.238075 
-0.280361 1.29998 0.235834 
-0.27957 1.30017 0.233593 
-0.278778 1.30036 0.231352 
-0.263539 1.30362 0.190311 
-0.248179 1.30625 0.14927 
-0.232723 1.30825 0.108229 
-0.217199 1.30962 0.0671885 
-0.201632 1.31035 0.0261477 
-0.186047 1.31043 -0.0148931 
-0.170473 1.30988 -0.0559339 
-0.12085 1.30707 -0.0571525 
-0.0712307 1.3042 -0.0583712 
-0.021615 1.30127 -0.0595898 
0.0279972 1.29828 -0.0608085 
0.0776056 1.29523 -0.0620272 
0.12721 1.29212 -0.0632458 
0.147259 1.29084 -0.0643069 
0.167306 1.28954 -0.0653679 
0.187351 1.28822 -0.066429 
0.207396 1.28687 -0.06749 
0.227438 1.28551 -0.0685511 
0.24748 1.28412 -0.0696121 
0.26752 1.28271 -0.0706732 
0.287558 1.28128 -0.0717343 
0.307595 1.27983 -0.0727953 
0.312912 1.27943 -0.0774109 
0.318226 1.27901 -0.0820265 
0.323539 1.27856 -0.0866421 
0.32885 1.27809 -0.0912577 
0.334158 1.27759 -0.0958733 
0.339464 1.27706 -0.100489 
0.344768 1.27652 -0.105105 
0.350069 1.27595 -0.10972 
0.355367 1.27535 -0.114336 
0.381738 1.27231 -0.115143 
0.408106 1.26925 -0.11595 
0.434471 1.26617 -0.116757 
0.460834 1.26307 -0.117564 
0.487194 1.25994 -0.118371 
0.513552 1.2568 -0.119178 
0.539907 1.25363 -0.119985 
0.574162 1.24984 -0.100357 
0.608484 1.24672 -0.0807288 
0.64286 1.24428 -0.0611005 
0.677278 1.24252 -0.0414722 
0.711724 1.24142 -0.0218439 
0.746185 1.24101 -0.00221567 
0.780647 1.24127 0.0174126 
0.815097 1.24221 0.0370409 
0.848298 1.24289 0.00404887 
0.885093 1.24318 0.0114987 
0.921885 1.24374 0.0189485 
0.958672 1.24457 0.0263983 
0.995452 1.24568 0.0338482 
0.998076 1.24577 0.0365829 
1.0007 1.24587 0.0393177 
1.00332 1.24598 0.0420525 
1.00595 1.24609 0.0447873 
1.00857 1.24621 0.0475221 
1.01119 1.24634 0.0502568 
1.01381 1.24648 0.0529916 
1.01644 1.24662 0.0557264 
1.01906 1.24677 0.0584612 
1.02168 1.24693 0.061196 
1.0616 1.24993 0.0889119 
1.10143 1.25404 0.116628 
1.14112 1.25925 0.144344 
1.18066 1.26555 0.17206 
1.22001 1.27295 0.199776 
1.25913 1.28144 0.227492 
1.29801 1.29101 0.255208 
1.30961 1.29413 0.269288 
1.32117 1.2974 0.283368 
1.33268 1.30084 0.297448 
1.34414 1.30445 0.311529 
1.35554 1.30821 0.325609 
1.3689 1.31268 0.320913 
1.38228 1.31709 0.316218 
1.39567 1.32144 0.311522 
1.43016 1.33081 0.218768 
1.43975 1.33281 0.19243 
1.44938 1.33455 0.166092 
1.45906 1.33604 0.139755 
1.46877 1.33728 0.113417 
1.47851 1.33826 0.0870795 
1.48828 1.33898 0.0607418 
1.53269 1.34031 -0.000800027 
1.5771 1.33891 -0.0623419 
1.62134 1.33478 -0.123884 
1.66524 1.32794 -0.185426 
1.68685 1.32427 -0.150842 
1.70858 1.32135 -0.116259 
1.73039 1.31918 -0.0816763 
1.75227 1.31777 -0.0470933 
1.77418 1.31712 -0.0125102 
1.7961 1.31722 0.0220729 
1.818 1.31809 0.056656 
1.83986 1.31971 0.0912391 
1.87808 1.32292 0.0766206 
1.91634 1.32558 0.0620021 
1.95463 1.32767 0.0473836 
1.99296 1.32921 0.0327651 
2.03129 1.33019 0.0181466 
2.06964 1.3306 0.00352807 
2.108 1.33046 -0.0110904 
2.14634 1.32975 -0.0257089 
2.18467 1.32849 -0.0403274 
2.22298 1.32666 -0.0549459 
2.22521 1.32654 -0.0535034 
2.22743 1.32642 -0.0520608 
2.22966 1.32631 -0.0506183 
2.23189 1.3262 -0.0491758 
2.23411 1.32609 -0.0477333 
2.23634 1.32598 -0.0462907 
2.27456 1.32436 -0.0385765 
2.31279 1.32303 -0.0308624 
2.35103 1.322 -0.0231482 
2.37253 1.32207 0.0294042 
2.394 1.32326 0.0819565 
2.41538 1.32559 0.134509 
2.4366 1.32903 0.187061 
2.45762 1.33358 0.239614 
2.47836 1.33923 0.292166 
2.49878 1.34596 0.344718 
2.51882 1.35376 0.397271 
2.53842 1.36259 0.449823 
2.58077 1.38631 0.571257 
2.61993 1.41498 0.69269 
2.65533 1.44819 0.814123 
2.68645 1.48544 0.935557 
2.71283 1.52618 1.05699 
2.73407 1.56982 1.17842 
2.74988 1.61571 1.29986 
2.75603 1.64144 1.37259 
2.76029 1.66755 1.44531 
2.76264 1.6939 1.51804 
2.76308 1.72035 1.59077 
2.76159 1.74676 1.6635 
2.75818 1.77299 1.73623 
2.75288 1.79891 1.80895 
2.75227 1.80142 1.8092 
2.75166 1.80394 1.80945 
2.75105 1.80645 1.8097 
2.75043 1.80896 1.80995 
2.74093 1.84539 1.84199 
2.73027 1.8815 1.87402 
2.71845 1.91724 1.90605 
2.7055 1.95259 1.93809 
2.69142 1.9875 1.97012 
2.67623 2.02195 2.00215 
2.65994 2.05589 2.03419 
2.65753 2.06078 2.02495 
2.65515 2.0657 2.01571 
2.65283 2.07063 2.00647 
2.65055 2.07559 1.99723 
2.64831 2.08057 1.98799 
2.64613 2.08557 1.97875 
2.64399 2.09059 1.96951 
2.64189 2.09562 1.96027 
2.63984 2.10068 1.95103 
2.63156 2.12068 1.97539 
2.6228 2.14047 1.99975 
2.61356 2.16005 2.02411 
2.60384 2.17939 2.04846 
2.59366 2.19849 2.07282 
2.58302 2.21733 2.09718 
2.57191 2.23592 2.12154 
2.56036 2.25422 2.1459 
2.54837 2.27224 2.17026 
2.54061 2.28367 2.16476 
2.5329 2.29514 2.15926 
2.52527 2.30665 2.15376 
2.51769 2.31821 2.14826 
2.51018 2.3298 2.14276 
2.50274 2.34144 2.13726 
2.49535 2.35312 2.13176 
2.48804 2.36484 2.12626 
2.48078 2.3766 2.12076 
2.4715 2.3917 2.12302 
2.45429 2.41973 2.11977 
2.43419 2.45337 2.09897 
2.4148 2.48741 2.07817 
2.39612 2.52185 2.05738 
2.37816 2.55667 2.03658 
2.36093 2.59186 2.01579 
2.34443 2.6274 1.99499 
2.32868 2.66327 1.9742 
2.31368 2.69947 1.9534 
2.29943 2.73596 1.93261 
2.29417 2.74989 1.93077 
2.28894 2.76382 1.92893 
2.27843 2.7953 1.85704 
2.27711 2.79984 1.8526 
2.2758 2.80438 1.84816 
2.27452 2.80893 1.84372 
2.27326 2.81348 1.83928 
2.27167 2.81914 1.84798 
2.27004 2.82478 1.85667 
2.26836 2.83041 1.86537 
2.26663 2.83603 1.87406 
2.26485 2.84163 1.88276 
2.26302 2.84721 1.89145 
2.26115 2.85278 1.90015 
2.25923 2.85835 1.90494 
2.25728 2.86392 1.90972 
2.25531 2.86947 1.91451 
2.25331 2.87501 1.9193 
2.25128 2.88055 1.92409 
2.24923 2.88607 1.92888 
2.24715 2.89159 1.93366 
2.24676 2.89263 1.9321 
2.24637 2.89367 1.93053 
2.24597 2.89471 1.92897 
2.24559 2.89575 1.9274 
2.2452 2.89679 1.92583 
2.24481 2.89784 1.92427 
2.24443 2.89888 1.9227 
2.22663 2.94117 2.01581 
2.20497 2.98162 2.10892 
2.17964 3.01988 2.20203 
2.15087 3.05562 2.29514 
2.1189 3.08854 2.38825 
2.08401 3.11833 2.48136 
2.04649 3.14476 2.57447 
2.00669 3.16758 2.66758 
1.97981 3.18264 2.59423 
1.9541 3.19963 2.52089 
1.92971 3.21846 2.44754 
1.90676 3.23902 2.3742 
1.88538 3.26121 2.30085 
1.86569 3.28491 2.22751 
1.84778 3.30999 2.15416 
1.83176 3.33631 2.08081 
1.81772 3.36374 2.00747 
1.80572 3.39212 1.93412 
1.79224 3.42647 1.95527 
1.77804 3.46053 1.97642 
1.76312 3.49428 1.99756 
1.76123 3.49851 1.98565 
1.75939 3.50276 1.97374 
1.75815 3.50566 1.9767 
1.75689 3.50856 1.97965 
1.75563 3.51146 1.98261 
1.75195 3.52 1.97273 
1.74836 3.52857 1.96285 
1.74485 3.53718 1.95298 
1.73805 3.55475 1.92691 
1.73171 3.57249 1.90085 
1.72584 3.59039 1.87478 
1.72044 3.60844 1.84872 
1.7155 3.62662 1.82265 
1.71105 3.64493 1.79659 
1.70707 3.66334 1.77053 
1.70357 3.68186 1.74446 
1.70056 3.70045 1.7184 
1.69613 3.73963 1.64808 
1.69447 3.77903 1.57776 
1.69559 3.81844 1.50744 
1.69946 3.85768 1.43712 
1.70609 3.89654 1.3668 
1.71543 3.93485 1.29648 
1.72744 3.9724 1.22616 
1.74206 4.00902 1.15584 
1.75921 4.04452 1.08552 
1.77759 4.08319 1.16873 
1.79269 4.12325 1.25194 
1.8044 4.16443 1.33515 
1.81266 4.20644 1.41836 
1.8174 4.24898 1.50156 
1.81858 4.29178 1.58477 
1.8162 4.33453 1.66798 
1.81028 4.37693 1.75119 
1.80085 4.41869 1.8344 
1.78901 4.46162 1.84549 
1.77669 4.50441 1.85657 
1.7639 4.54707 1.86766 
1.75064 4.58958 1.87875 
1.74414 4.61118 1.8477 
1.73831 4.63296 1.81666 
1.73316 4.65492 1.78561 
1.72869 4.67703 1.75457 
1.72492 4.69927 1.72352 
1.72183 4.72161 1.69247 
1.71944 4.74404 1.66143 
1.71929 4.74576 1.65818 
1.71914 4.74749 1.65493 
1.719 4.74922 1.65168 
1.71886 4.75095 1.64843 
1.71873 4.75268 1.64518 
1.7186 4.7544 1.64193 
1.71848 4.75613 1.63868 
1.71837 4.75786 1.63543 
1.71826 4.75959 1.63218 
1.71773 4.80581 1.53209 
1.72183 4.85185 1.43199 
1.73051 4.89725 1.3319 
1.74368 4.94156 1.23181 
1.76121 4.98433 1.13171 
1.78205 5.02796 1.11898 
1.80343 5.07133 1.10624 
1.82537 5.11442 1.09351 
1.83945 5.14167 1.09411 
1.85352 5.16892 1.09472 
1.85539 5.17253 1.08737 
1.85729 5.17612 1.08003 
1.85922 5.1797 1.07268 
1.86118 5.18326 1.06534 
1.86316 5.18681 1.05799 
1.86517 5.19034 1.05065 
1.87059 5.19967 1.03717 
1.87615 5.20893 1.02369 
1.88182 5.21811 1.01022 
1.88762 5.22721 0.996741 
1.89355 5.23623 0.983264 
1.89959 5.24518 0.969787 
1.90575 5.25404 0.95631 
1.91203 5.26282 0.942833 
1.91843 5.27151 0.929356 
1.9374 5.29735 0.945965 
1.95593 5.3235 0.962575 
1.97403 5.34996 0.979184 
1.99169 5.37671 0.995794 
2.00889 5.40375 1.0124 
2.02565 5.43108 1.02901 
2.03509 5.44624 0.999169 
2.04497 5.46111 0.969325 
2.05529 5.47569 0.939481 
2.06605 5.48994 0.909637 
2.07722 5.50387 0.879793 
2.08236 5.51006 0.877342 
2.0875 5.51624 0.874892 
2.09267 5.52241 0.872441 
2.09784 5.52856 0.869991 
2.10304 5.5347 0.86754 
2.10824 5.54083 0.86509 
2.11347 5.54694 0.862639 
2.1187 5.55304 0.860188 
2.12081 5.55549 0.861293 
2.12292 5.55795 0.862397 
2.12502 5.5604 0.863501 
2.12712 5.56286 0.864605 
2.12921 5.56532 0.865709 
2.13131 5.56778 0.866814 
2.1334 5.57025 0.867918 
2.13549 5.57272 0.869022 
2.13757 5.57519 0.870126 
2.13965 5.57766 0.871231 
2.14121 5.57951 0.871265 
2.14277 5.58136 0.8713 
2.17508 5.61749 0.811063 
2.2095 5.6516 0.750826 
2.24591 5.68359 0.690589 
2.28418 5.71332 0.630352 
2.31726 5.73583 0.56473 
2.35174 5.75612 0.499108 
2.38748 5.77411 0.433486 
2.42432 5.78972 0.367864 
2.46211 5.80287 0.302242 
2.50068 5.81352 0.23662 
2.53986 5.82162 0.170998 
2.54708 5.82291 0.182232 
2.55429 5.82428 0.193466 
2.56147 5.82573 0.2047 
2.56865 5.82726 0.215933 
2.5758 5.82887 0.227167 
2.58294 5.83056 0.238401 
2.59005 5.83234 0.249635 
2.6193 5.83991 0.257147 
2.64848 5.8477 0.264659 
2.67761 5.85571 0.272171 
2.70668 5.86394 0.279683 
2.73568 5.87239 0.287195 
2.76462 5.88106 0.294707 
2.7935 5.88994 0.302219 
2.8223 5.89904 0.30973 
2.85104 5.90836 0.317242 
2.87771 5.91758 0.348754 
2.90408 5.92764 0.380266 
2.93011 5.93853 0.411778 
2.95579 5.95023 0.443289 
2.9677 5.95587 0.441927 
2.97963 5.9615 0.440565 
2.99155 5.96712 0.439203 
3.00349 5.97272 0.437841 
3.01543 5.9783 0.436479 
3.02738 5.98386 0.435117 
3.06729 6.00228 0.42963 
3.09613 6.01616 0.467447 
3.12443 6.03112 0.505263 
3.15102 6.04544 0.482551 
3.17793 6.05915 0.459838 
3.20514 6.07224 0.437126 
3.23265 6.08471 0.414414 
3.26042 6.09656 0.391701 
3.28847 6.10777 0.368989 
3.29701 6.11114 0.382716 
3.30551 6.11463 0.396443 
3.31396 6.11824 0.41017 
3.32236 6.12196 0.423897 
3.33071 6.1258 0.437624 
3.339 6.12975 0.451351 
3.34724 6.13381 0.465078 
3.35543 6.13799 0.478804 
3.36489 6.14291 0.48136 
3.37434 6.14787 0.483916 
3.38378 6.15284 0.486472 
3.3932 6.15784 0.489028 
3.40262 6.16287 0.491583 
3.43343 6.17896 0.471269 
3.46456 6.19443 0.450954 
3.496 6.20926 0.43064 
3.52774 6.22346 0.410325 
3.55976 6.237 0.39001 
3.59204 6.24989 0.369696 
3.63422 6.26482 0.310549 
3.67721 6.27722 0.251402 
3.72086 6.28707 0.192255 
3.76501 6.29431 0.133108 
3.80952 6.29894 0.0739609 
3.85421 6.30092 0.0148139 
3.89895 6.30026 -0.0443331 
3.91588 6.29942 -0.0548999 
3.9328 6.2984 -0.0654667 
3.94971 6.2972 -0.0760335 
3.9666 6.29583 -0.0866003 
3.98348 6.29427 -0.0971671 
4.00034 6.29254 -0.107734 
4.01718 6.29063 -0.118301 
4.034 6.28854 -0.128867 
4.0508 6.28627 -0.139434 
4.09361 6.28116 -0.0981515 
4.13659 6.27782 -0.0568687 
4.17967 6.27626 -0.0155858 
4.22277 6.27648 0.025697 
4.26584 6.27848 0.0669798 
4.30878 6.28225 0.108263 
4.35153 6.28779 0.149545 
4.39402 6.29509 0.190828 
4.40733 6.29754 0.173472 
4.42068 6.29977 0.156115 
4.43407 6.30175 0.138759 
4.4475 6.30351 0.121402 
4.46095 6.30503 0.104046 
4.467 6.30568 0.108599 
4.47306 6.30635 0.113152 
4.48738 6.30811 0.130377 
4.50167 6.3101 0.147602 
4.51592 6.31235 0.164826 
4.53013 6.31484 0.182051 
4.5443 6.31757 0.199276 
4.55841 6.32055 0.2165 
4.57248 6.32377 0.233725 
4.58648 6.32723 0.25095 
4.58979 6.32807 0.244084 
4.5931 6.32888 0.237219 
4.59642 6.32967 0.230353 
4.59975 6.33044 0.223488 
4.60308 6.33118 0.216623 
4.60641 6.33191 0.209757 
4.60975 6.33261 0.202892 
4.62296 6.33541 0.216023 
4.63613 6.33839 0.229155 
4.64926 6.34155 0.242286 
4.66235 6.34487 0.255418 
4.67539 6.34837 0.268549 
4.68838 6.35204 0.281681 
4.69613 6.35425 0.275194 
4.70389 6.35642 0.268707 
4.71166 6.35853 0.262221 
4.71945 6.36059 0.255734 
4.74774 6.36833 0.278476 
4.77584 6.37672 0.301218 
4.80375 6.38574 0.32396 
4.84373 6.39922 0.32637 
4.88368 6.41279 0.328779 
4.9236 6.42646 0.331188 
4.95767 6.43891 0.369217 
4.99125 6.45264 0.407245 
5.02428 6.46764 0.445274 
5.05672 6.48389 0.483302 
5.07098 6.49172 0.521875 
5.08492 6.5001 0.560447 
5.09854 6.50902 0.599019 
5.13048 6.53177 0.638925 
5.16149 6.55578 0.678831 
5.19152 6.58101 0.718737 
5.22051 6.60742 0.758643 
5.24843 6.63496 0.798549 
5.27523 6.6636 0.838455 
5.30087 6.69328 0.878361 
5.3253 6.72396 0.918267 
5.34849 6.75559 0.958173 
5.3704 6.78812 0.998079 
5.38203 6.8051 0.941984 
5.3946 6.8214 0.885889 
5.40806 6.83696 0.829794 
5.42237 6.85175 0.7737 
5.43749 6.86571 0.717605 
5.46721 6.89284 0.761658 
5.49572 6.92124 0.805711 
5.52294 6.95088 0.849763 
5.54884 6.98168 0.893816 
5.57508 7.01667 0.960888 
5.59891 7.05334 1.02796 
5.62023 7.09152 1.09503 
5.63895 7.13104 1.1621 
5.65497 7.17173 1.22917 
5.66823 7.21341 1.29625 
5.67617 7.2405 1.27568 
5.68466 7.26743 1.25511 
5.6937 7.29418 1.23455 
5.70329 7.32074 1.21398 
5.71416 7.35406 1.2966 
5.72225 7.38817 1.37922 
5.7275 7.42283 1.46184 
5.72987 7.4578 1.54447 
5.72934 7.49285 1.62709 
5.7262 7.52779 1.69401 
5.72073 7.56245 1.76092 
5.71295 7.59666 1.82784 
5.7029 7.63028 1.89476 
5.69062 7.66315 1.96168 
5.67617 7.69512 2.0286 
5.6638 7.71915 2.06394 
5.65059 7.74272 2.09928 
5.63656 7.76581 2.13462 
5.62171 7.78839 2.16996 
5.60608 7.81044 2.2053 
5.58968 7.83192 2.24064 
5.57253 7.8528 2.27599 
5.55465 7.87307 2.31133 
5.53607 7.89269 2.34667 
5.51681 7.91164 2.38201 
5.48201 7.94423 2.39568 
5.44678 7.97635 2.40935 
5.4111 8.00798 2.42303 
5.375 8.03912 2.4367 
5.33848 8.06976 2.45037 
5.30154 8.0999 2.46405 
5.26419 8.12953 2.47772 
5.26093 8.13207 2.48465 
5.25765 8.13458 2.49159 
5.25436 8.13706 2.49852 
5.25105 8.13953 2.50546 
5.24772 8.14197 2.51239 
5.24437 8.14438 2.51933 
5.24101 8.14678 2.52626 
5.23763 8.14915 2.5332 
5.23424 8.15149 2.54013 
5.23083 8.15382 2.54707 
5.22834 8.1555 2.54694 
5.22586 8.15718 2.54681 
5.22337 8.15886 2.54668 
5.22089 8.16054 2.54655 
5.2184 8.16222 2.54642 
5.21592 8.16391 2.54629 
5.18625 8.18575 2.46753 
5.1584 8.20986 2.38877 
5.13253 8.23608 2.31001 
5.1088 8.26426 2.23125 
5.08737 8.29422 2.15249 
5.06835 8.32577 2.07373 
5.05188 8.35872 1.99497 
5.03805 8.39286 1.91621 
5.03314 8.40745 1.87559 
5.02882 8.42222 1.83497 
5.0251 8.43715 1.79435 
5.022 8.45222 1.75373 
5.01951 8.46741 1.7131 
5.01474 8.51631 1.623 
5.01438 8.56543 1.53289 
5.01846 8.61439 1.44279 
5.02692 8.66279 1.35268 
5.0397 8.71023 1.26258 
5.05669 8.75632 1.17247 
5.06319 8.77201 1.18352 
5.06952 8.78777 1.19456 
5.07567 8.8036 1.2056 
5.08165 8.81949 1.21664 
5.10038 8.86317 1.11466 
5.12346 8.90472 1.01267 
5.15066 8.9437 0.910692 
5.18168 8.9797 0.80871 
5.2162 9.01237 0.706728 
5.25387 9.04135 0.604745 
5.26773 9.05055 0.567637 
5.28192 9.05923 0.53053 
5.29642 9.06738 0.493422 
5.31122 9.07499 0.456314 
5.32628 9.08204 0.419206 
5.3416 9.08853 0.382098 
5.35715 9.09444 0.344991 
5.37291 9.09978 0.307883 
5.38885 9.10452 0.270775 
5.40496 9.10868 0.233667 
5.43446 9.11496 0.186103 
5.46423 9.11984 0.138539 
5.48473 9.12251 0.121299 
5.50528 9.12484 0.104059 
5.52587 9.12681 0.0868183 
5.54648 9.12843 0.0695781 
5.56712 9.12969 0.0523378 
5.58778 9.13059 0.0350976 
5.60846 9.13114 0.0178574 
5.62914 9.13133 0.000617103 
5.64982 9.13116 -0.0166231 
5.67049 9.13064 -0.0338634 
5.67652 9.13041 -0.0421909 
5.68255 9.13013 -0.0505185 
5.68857 9.1298 -0.0588461 
5.69459 9.12942 -0.0671736 
5.70061 9.12899 -0.0755012 
5.73338 9.12688 -0.053121 
5.76619 9.1255 -0.0307409 
5.81176 9.12387 -0.0409279 
5.85731 9.12177 -0.0511149 
5.90283 9.11921 -0.061302 
5.94833 9.11619 -0.071489 
5.99379 9.1127 -0.081676 
6.0126 9.11123 -0.0737593 
6.02116 9.11063 -0.0666688 
6.02972 9.11009 -0.0595783 
6.03829 9.10961 -0.0524878 
6.04686 9.10919 -0.0453973 
6.05543 9.10883 -0.0383068 
6.06401 9.10853 -0.0312163 
6.07259 9.1083 -0.0241258 
6.08117 9.10812 -0.0170353 
6.08308 9.10809 -0.0140504 
6.085 9.10806 -0.0110655 
6.0872 9.10804 -0.0081438 
6.0894 9.10803 -0.00522212 
6.09015 9.10803 -0.00308549 
6.09042 9.10803 -0.00266337 

