Car 
-7 -8 0 
-6.9227 -7.99801 0.0513899 
-6.84561 -7.99206 0.10278 
-6.76892 -7.98215 0.15417 
-6.69285 -7.96832 0.20556 
-6.61758 -7.9506 0.256949 
-6.54333 -7.92903 0.308339 
-6.47028 -7.90368 0.359729 
-6.39863 -7.87461 0.411119 
-6.17337 -7.73086 0.724909 
-6.00349 -7.5246 1.0387 
-5.90556 -7.27597 1.35249 
-5.88916 -7.00926 1.66628 
-5.95589 -6.75051 1.98007 
-5.9894 -6.68295 2.08248 
-6.08759 -6.44569 1.84388 
-6.12692 -6.19195 1.60528 
-6.10517 -5.93609 1.36668 
-6.02356 -5.69263 1.12809 
-5.88673 -5.47535 0.889488 
-5.70242 -5.29656 0.65089 
-5.55186 -5.12435 1.05384 
-5.48088 -4.90689 1.45678 
-5.54976 -4.64542 2.19997 
-5.77739 -4.49951 2.94316 
-6.04372 -4.5461 -2.59684 
-6.20831 -4.76061 -1.85365 
-6.18435 -5.02993 -1.11047 
-6.07801 -5.20672 -0.948063 
-5.94448 -5.36398 -0.785659 
-5.78729 -5.49759 -0.623255 
-5.61055 -5.60402 -0.460851 
-5.48183 -5.6712 -0.501073 
-5.35591 -5.74349 -0.541296 
-5.233 -5.82079 -0.581519 
-5.1133 -5.90297 -0.621741 
-4.997 -5.98989 -0.661964 
-4.85832 -6.14229 -1.00301 
-4.7786 -6.3323 -1.34405 
-4.74997 -6.46329 -1.36729 
-4.65141 -6.66428 -0.862401 
-4.46792 -6.79251 -0.357513 
-4.2453 -6.81599 0.147374 
-4.0391 -6.72885 0.652261 
-3.90077 -6.55284 1.15715 
-3.82162 -6.34283 1.26357 
-3.76522 -6.1256 1.37 
-3.65222 -5.86146 0.963134 
-3.44392 -5.6636 0.556269 
-3.17432 -5.56432 0.149405 
-2.88744 -5.57983 -0.257459 
-2.84465 -5.5939 -0.377664 
-2.80384 -5.613 -0.497869 
-2.76563 -5.63685 -0.618075 
-2.73055 -5.66511 -0.73828 
-2.60207 -5.74857 -0.413879 
-2.45369 -5.78672 -0.0894787 
-2.39534 -5.79412 -0.162898 
-2.33769 -5.80578 -0.236317 
-2.28105 -5.82164 -0.309736 
-2.07865 -5.84463 0.083536 
-1.88288 -5.78831 0.476808 
-1.72365 -5.66126 0.87008 
-1.69769 -5.62757 0.95851 
-1.67481 -5.59172 1.04694 
-1.65519 -5.55399 1.13537 
-1.63897 -5.51467 1.2238 
-1.62629 -5.47408 1.31223 
-1.61724 -5.43252 1.40066 
-1.6119 -5.39033 1.48909 
-1.55065 -5.20642 1.00949 
-1.41144 -5.07152 0.5299 
-1.2257 -5.01607 0.0503066 
-1.03532 -5.05258 -0.429287 
-0.95565 -5.08075 -0.250444 
-0.872236 -5.0943 -0.0716001 
-0.787742 -5.09279 0.107243 
-0.704863 -5.07628 0.286087 
-0.626244 -5.04529 0.46493 
-0.554393 -5.0008 0.643774 
-0.4916 -4.94425 0.822617 
-0.439871 -4.87742 1.00146 
-0.424542 -4.8533 1.00784 
-0.319882 -4.67605 1.06704 
-0.225895 -4.49291 1.12625 
-0.115009 -4.30622 0.943422 
0.0279712 -4.1428 0.760598 
0.104853 -4.06407 0.833886 
0.175763 -3.97993 0.907175 
0.240322 -3.89082 0.980463 
0.298183 -3.79722 1.05375 
0.349035 -3.69964 1.12704 
0.392606 -3.5986 1.20033 
0.404093 -3.56362 1.30661 
0.411806 -3.52762 1.41289 
0.415656 -3.491 1.51917 
0.4156 -3.45419 1.62545 
0.411639 -3.41759 1.73173 
0.368468 -3.18502 1.77695 
0.314827 -2.95465 1.82218 
0.250827 -2.72694 1.8674 
0.176598 -2.50236 1.91262 
0.0922912 -2.28136 1.95785 
-0.00191996 -2.06439 2.00307 
-0.105843 -1.85191 2.04829 
-0.1462 -1.71056 1.64951 
-0.128504 -1.56463 1.25073 
-0.055532 -1.43702 0.851954 
0.0607834 -1.30893 0.815072 
0.181743 -1.18523 0.778189 
0.307181 -1.06606 0.741307 
0.436929 -0.951606 0.704425 
0.570808 -0.842011 0.667543 
0.708638 -0.737428 0.630661 
0.85023 -0.637998 0.593778 
0.995392 -0.543856 0.556896 
1.0813 -0.473442 0.816379 
1.14626 -0.383344 1.07586 
1.18592 -0.279594 1.33534 
1.19764 -0.16914 1.59483 
1.2022 0.012974 1.4967 
1.22458 0.193765 1.39857 
1.26457 0.371494 1.30044 
1.34078 0.564123 1.08765 
1.45596 0.736313 0.87486 
1.6049 0.880295 0.662071 
1.78089 0.989575 0.449282 
1.94955 1.13801 0.99416 
2.01685 1.35237 1.53904 
1.96329 1.57057 2.08392 
1.8044 1.72941 2.6288 
1.58618 1.7829 -3.10951 
1.47659 1.78664 3.04126 
1.36845 1.80482 2.90886 
1.26366 1.83711 2.77645 
1.16405 1.88296 2.64404 
1.07136 1.94155 2.51163 
0.98722 2.01187 2.37922 
0.913101 2.09269 2.24681 
0.8503 2.18258 2.11441 
0.714337 2.36918 2.28654 
0.548421 2.52974 2.45867 
0.353438 2.65803 2.66059 
0.136687 2.74462 2.86252 
-0.0930246 2.78597 3.06444 
-0.326363 2.78041 -3.01682 
-0.553845 2.72817 -2.81489 
-0.766229 2.63137 -2.61297 
-0.954883 2.49394 -2.41104 
-1.06992 2.27479 -1.69732 
-1.01341 2.03382 -0.983589 
-0.812941 1.88866 -0.269862 
-0.566371 1.91016 0.443865 
-0.537886 1.9235 0.431704 
-0.50924 1.93648 0.419542 
-0.480439 1.94912 0.40738 
-0.451486 1.9614 0.395219 
-0.422386 1.97334 0.383057 
-0.393143 1.98491 0.370896 
-0.363762 1.99614 0.358734 
-0.209794 2.03397 0.12313 
-0.0512491 2.03481 -0.112474 
0.103113 1.99862 -0.348078 
0.204041 1.95022 -0.546242 
0.443626 1.8583 -0.186474 
0.700235 1.85661 0.173294 
0.94101 1.94537 0.533061 
1.04067 2.00726 0.578371 
1.13743 2.0736 0.62368 
1.23108 2.14425 0.668989 
1.32144 2.21907 0.714298 
1.40831 2.29791 0.759607 
1.49152 2.38061 0.804916 
1.57091 2.46699 0.850225 
1.6463 2.55687 0.895534 
1.73349 2.71119 1.2175 
1.76737 2.88518 1.53946 
1.74445 3.06094 1.86143 
1.66709 3.22043 2.18339 
1.54325 3.34724 2.50535 
1.39733 3.54015 1.93138 
1.37954 3.78138 1.35741 
1.49559 3.99362 0.783435 
1.63756 4.23382 1.29055 
1.64501 4.51275 1.79766 
1.51606 4.76019 2.30477 
1.28316 4.91386 2.81188 
1.05635 5.03153 2.5142 
0.874028 5.21054 2.21651 
0.742475 5.3897 2.19183 
0.615384 5.57204 2.16715 
0.549144 5.74178 1.71861 
0.563059 5.92344 1.27008 
0.654377 6.08111 0.821551 
0.805032 6.18358 0.37302 
0.98522 6.21058 -0.0755119 
1.16032 6.21771 0.156882 
1.32907 6.26497 0.389275 
1.4824 6.34983 0.621668 
1.61206 6.46772 0.854062 
1.71343 6.57417 0.765624 
1.82381 6.67125 0.677186 
1.94232 6.7582 0.588748 
2.03276 6.81092 0.466938 
2.12892 6.85227 0.345128 
2.2294 6.88162 0.223318 
2.3327 6.89855 0.101508 
2.43729 6.9028 -0.0203017 
2.54162 6.89431 -0.142112 
2.64415 6.8732 -0.263921 
2.85916 6.81214 -0.289475 
3.07254 6.74561 -0.315028 
3.28415 6.67365 -0.340582 
3.49385 6.5963 -0.366135 
3.70049 6.53421 -0.217627 
3.91404 6.50338 -0.0691185 
4.1298 6.50449 0.07939 
4.34302 6.53751 0.227898 
4.549 6.60172 0.376407 
4.74323 6.6957 0.524915 
4.9214 6.81738 0.673424 
5.07962 6.96408 0.821932 
5.1724 7.07566 0.93222 
5.25235 7.19677 1.04251 
5.31848 7.32595 1.1528 
5.36999 7.46162 1.26308 
5.40625 7.60213 1.37337 
5.42683 7.74578 1.48366 
5.43147 7.89082 1.59395 
5.42012 8.0355 1.70423 
5.39291 8.17804 1.81452 
5.35019 8.31673 1.92481 
5.31908 8.3815 2.11211 
5.27646 8.43936 2.2994 
5.22381 8.48826 2.4867 
5.16298 8.52651 2.67399 
5.09608 8.55276 2.86129 
5.02547 8.56609 3.04859 
4.95416 8.57309 3.0389 
4.88291 8.58078 3.0292 
4.81174 8.58917 3.01951 
4.74066 8.59824 3.00982 
4.66967 8.608 3.00013 
4.59878 8.61844 2.99044 
4.52799 8.62958 2.98074 
4.45731 8.6414 2.97105 
4.28251 8.68147 2.86136 
4.11316 8.74045 2.75167 
3.95127 8.8176 2.64198 
3.79881 8.91202 2.53228 
3.6452 9.1438 1.77989 
3.69145 9.41798 1.02749 
3.91258 9.58654 0.2751 
4.18922 9.55848 -0.477295 
4.45564 9.5175 0.17203 
4.69263 9.64595 0.821354 
4.89346 9.76764 0.268159 
5.12828 9.76565 -0.285037 
5.32703 9.64059 -0.838232 
5.45834 9.43641 -1.16039 
5.51824 9.20116 -1.48255 
5.50057 8.95905 -1.80471 
5.48043 8.78817 -1.57148 
5.50034 8.61725 -1.33826 
5.5592 8.45556 -1.10504 
5.65384 8.31185 -0.871822 
5.77192 8.09903 -1.25665 
5.80099 7.92657 -1.55095 
5.77879 7.7531 -1.84524 
5.70723 7.59353 -2.13954 
5.59245 7.46157 -2.43383 
5.44433 7.36858 -2.72813 
5.27561 7.32255 -3.02242 
5.10079 7.32745 2.96647 
4.9349 7.38284 2.67217 
4.79222 7.48396 2.37788 
4.685 7.62213 2.08358 
4.63634 7.89639 1.4092 
4.76959 8.14099 0.734807 
4.77723 8.14805 0.756939 
4.91659 8.30728 0.946715 
5.02342 8.48993 1.13649 
5.09387 8.68946 1.32627 
5.12541 8.8987 1.51604 
5.11692 9.11013 1.70582 
5.0687 9.31616 1.89559 
4.96096 9.5145 2.24121 
4.7924 9.66462 2.58683 
4.58295 9.74875 2.93245 
4.35739 9.75695 -3.00512 
4.14238 9.68825 -2.6595 
3.96336 9.55077 -2.31389 
3.84151 9.36078 -1.96827 
3.79122 9.14073 -1.62265 
3.81846 8.91667 -1.27703 
3.91999 8.71508 -0.931418 
4.08056 8.54631 -0.689182 
4.27693 8.42098 -0.446947 
4.49762 8.34641 -0.204712 
4.72976 8.32696 0.0375235 
4.95979 8.36376 0.279759 
5.17427 8.45466 0.521994 
5.36069 8.59436 0.764229 
5.50815 8.7747 1.00646 
5.60805 8.98514 1.2487 
5.62339 9.20677 1.75468 
5.52939 9.40806 2.26066 
5.34962 9.53857 2.76664 
5.12911 9.5656 -3.01056 
4.92314 9.48237 -2.50458 
4.78331 9.30973 -1.9986 
4.74467 9.09096 -1.49262 
4.7982 8.89529 -1.11494 
4.92011 8.73315 -0.737268 
5.09322 8.62739 -0.359594 
5.29313 8.59292 0.0180805 
5.49166 8.63459 0.395755 
5.66083 8.74654 0.773429 
5.7768 8.91299 1.1511 
5.95575 9.09884 0.457557 

