Car 
-7 -8 0 
-6.97784 -8.00037 -0.03331 
-6.9557 -8.00148 -0.06662 
-6.93361 -8.00332 -0.09993 
-6.9116 -8.0059 -0.13324 
-6.88968 -8.00921 -0.16655 
-6.878 -8.01118 -0.168204 
-6.86632 -8.01318 -0.169857 
-6.81734 -8.02076 -0.137562 
-6.76815 -8.02677 -0.105266 
-6.71879 -8.03118 -0.0729707 
-6.66931 -8.03399 -0.0406751 
-6.61977 -8.03521 -0.00837945 
-6.57021 -8.03482 0.0239161 
-6.52069 -8.03284 0.0562118 
-6.47126 -8.02925 0.0885074 
-6.45724 -8.02788 0.106246 
-6.4472 -8.02679 0.111493 
-6.43717 -8.02564 0.11674 
-6.42714 -8.02443 0.121986 
-6.41712 -8.02318 0.127233 
-6.4071 -8.02187 0.13248 
-6.39709 -8.02051 0.137727 
-6.37691 -8.01773 0.13628 
-6.35672 -8.01497 0.134832 
-6.33653 -8.01225 0.133385 
-6.31634 -8.00955 0.131937 
-6.29614 -8.00689 0.13049 
-6.27594 -8.00425 0.129043 
-6.25573 -8.00165 0.127595 
-6.24404 -8.00001 0.150098 
-6.23239 -7.99811 0.1726 
-6.22078 -7.99596 0.195103 
-6.20922 -7.99354 0.217605 
-6.19772 -7.99086 0.240107 
-6.18629 -7.98792 0.26261 
-6.17492 -7.98473 0.285112 
-6.16363 -7.98128 0.307615 
-6.15241 -7.97758 0.330117 
-6.14129 -7.97363 0.35262 
-6.11663 -7.9649 0.327811 
-6.07697 -7.95024 0.38044 
-6.03814 -7.93351 0.433069 
-6.00024 -7.91476 0.485698 
-5.96337 -7.89404 0.538327 
-5.92765 -7.87141 0.590956 
-5.89317 -7.84694 0.643585 
-5.86003 -7.82068 0.696215 
-5.82831 -7.79272 0.748844 
-5.82125 -7.78609 0.759238 
-5.81426 -7.77939 0.769631 
-5.80734 -7.77262 0.780025 
-5.80049 -7.76577 0.790419 
-5.79371 -7.75885 0.800813 
-5.78701 -7.75187 0.811207 
-5.78038 -7.74481 0.821601 
-5.76162 -7.72451 0.82776 
-5.74298 -7.7041 0.833919 
-5.72447 -7.68357 0.840079 
-5.70608 -7.66293 0.846238 
-5.68783 -7.64218 0.852397 
-5.6697 -7.62131 0.858556 
-5.6517 -7.60033 0.864715 
-5.63383 -7.57925 0.870874 
-5.61609 -7.55805 0.877034 
-5.59848 -7.53674 0.883193 
-5.58689 -7.5228 0.871427 
-5.57513 -7.50899 0.859662 
-5.56322 -7.49532 0.847897 
-5.55114 -7.4818 0.836131 
-5.53891 -7.46841 0.824366 
-5.5101 -7.43375 0.930298 
-5.48511 -7.39623 1.03623 
-5.46423 -7.35629 1.14216 
-5.44769 -7.31435 1.24809 
-5.43568 -7.27091 1.35402 
-5.43416 -7.26411 1.34665 
-5.43258 -7.25732 1.33927 
-5.43096 -7.25054 1.33189 
-5.42929 -7.24378 1.32451 
-5.42898 -7.24256 1.32477 
-5.42868 -7.24135 1.32503 
-5.42837 -7.24013 1.3253 
-5.42807 -7.23892 1.32556 
-5.42776 -7.2377 1.32582 
-5.42746 -7.23649 1.32608 
-5.42716 -7.23527 1.32635 
-5.42685 -7.23405 1.32661 
-5.42655 -7.23284 1.32687 
-5.42625 -7.23162 1.32713 
-5.41544 -7.19294 1.26968 
-5.40244 -7.15495 1.21223 
-5.38727 -7.11777 1.15477 
-5.36999 -7.08152 1.09732 
-5.35066 -7.04632 1.03986 
-5.32935 -7.01229 0.982409 
-5.30611 -6.97954 0.924955 
-5.28103 -6.94818 0.867501 
-5.25419 -6.91831 0.810047 
-5.24127 -6.90476 0.808842 
-5.22833 -6.89121 0.807638 
-5.21538 -6.87769 0.806433 
-5.20241 -6.86418 0.805229 
-5.20204 -6.8638 0.805247 
-5.20167 -6.86341 0.805265 
-5.2013 -6.86303 0.805283 
-5.20094 -6.86265 0.805301 
-5.20057 -6.86226 0.805319 
-5.2002 -6.86188 0.805337 
-5.19983 -6.8615 0.805355 
-5.19946 -6.86111 0.805373 
-5.1991 -6.86073 0.805392 
-5.19223 -6.85348 0.819001 
-5.18546 -6.84614 0.83261 
-5.17879 -6.83871 0.84622 
-5.17222 -6.83119 0.859829 
-5.15364 -6.80958 0.861004 
-5.12619 -6.77565 0.920474 
-5.10081 -6.74015 0.979945 
-5.07759 -6.7032 1.03942 
-5.05661 -6.66493 1.09889 
-5.03793 -6.62549 1.15836 
-5.02673 -6.60065 1.1359 
-5.01497 -6.57607 1.11344 
-5.0025 -6.54941 1.15275 
-4.99108 -6.52228 1.19207 
-4.98074 -6.49473 1.23138 
-4.97148 -6.46679 1.27069 
-4.96334 -6.43851 1.31 
-4.95631 -6.40992 1.34931 
-4.95041 -6.38109 1.38863 
-4.94565 -6.35205 1.42794 
-4.94203 -6.32284 1.46725 
-4.93956 -6.29351 1.50656 
-4.93641 -6.24994 1.49041 
-4.93255 -6.20643 1.47426 
-4.92799 -6.16298 1.45811 
-4.92273 -6.11962 1.44196 
-4.91676 -6.07635 1.42581 
-4.9101 -6.03317 1.40966 
-4.90275 -5.99012 1.39351 
-4.89692 -5.95752 1.39441 
-4.89113 -5.92492 1.39532 
-4.88536 -5.89231 1.39623 
-4.87963 -5.8597 1.39714 
-4.87392 -5.82709 1.39805 
-4.86824 -5.79447 1.39896 
-4.8626 -5.76184 1.39987 
-4.85698 -5.72921 1.40078 
-4.85201 -5.6954 1.44876 
-4.84866 -5.66139 1.49674 
-4.84695 -5.62726 1.54472 
-4.84688 -5.59308 1.5927 
-4.8473 -5.57794 1.60409 
-4.84789 -5.56279 1.61549 
-4.84865 -5.54766 1.62688 
-4.84959 -5.53254 1.63827 
-4.85069 -5.51742 1.64967 
-4.85197 -5.50232 1.66106 
-4.85343 -5.48724 1.67245 
-4.85505 -5.47217 1.68384 
-4.8579 -5.44805 1.69276 
-4.86096 -5.42396 1.70167 
-4.86424 -5.39989 1.71058 
-4.86773 -5.37585 1.71949 
-4.87143 -5.35185 1.7284 
-4.87535 -5.32788 1.73731 
-4.87948 -5.30394 1.74622 
-4.88383 -5.28005 1.75513 
-4.88818 -5.2592 1.79817 
-4.89343 -5.23855 1.8412 
-4.89956 -5.21815 1.88424 
-4.90656 -5.19804 1.92727 
-4.91442 -5.17824 1.97031 
-4.92313 -5.1588 2.01334 
-4.93266 -5.13975 2.05637 
-4.94301 -5.12113 2.09941 
-4.95414 -5.10297 2.14244 
-4.97686 -5.07141 2.24684 
-5.00275 -5.04238 2.35123 
-5.03152 -5.0162 2.45562 
-5.06286 -4.99317 2.56001 
-5.09643 -4.97353 2.6644 
-5.13186 -4.95749 2.7688 
-5.16878 -4.94524 2.87319 
-5.18568 -4.94076 2.89214 
-5.20267 -4.9366 2.91109 
-5.21973 -4.93277 2.93004 
-5.23686 -4.92926 2.949 
-5.25405 -4.92607 2.96795 
-5.2713 -4.92322 2.9869 
-5.27767 -4.92226 2.9972 
-5.28404 -4.92136 3.00751 
-5.29042 -4.92054 3.01781 
-5.29681 -4.91978 3.02812 
-5.30321 -4.91908 3.03842 
-5.30961 -4.91845 3.04873 
-5.31602 -4.91789 3.05903 
-5.36334 -4.91186 2.97083 
-5.40995 -4.90169 2.88263 
-5.45548 -4.88745 2.79444 
-5.49958 -4.86926 2.70624 
-5.54191 -4.84725 2.61804 
-5.58213 -4.82161 2.52984 
-5.61994 -4.79251 2.44164 
-5.64091 -4.7756 2.48422 
-5.66259 -4.75959 2.52681 
-5.68493 -4.74452 2.5694 
-5.70788 -4.73042 2.61198 
-5.73142 -4.7173 2.65457 
-5.7555 -4.7052 2.69716 
-5.78007 -4.69414 2.73975 
-5.81889 -4.67777 2.74531 
-5.8578 -4.66161 2.75087 
-5.8968 -4.64568 2.75644 
-5.93588 -4.62996 2.762 
-5.96601 -4.61722 2.7214 
-5.9956 -4.60328 2.68081 
-6.0246 -4.58814 2.64021 
-6.05295 -4.57184 2.59962 
-6.08063 -4.5544 2.55902 
-6.10757 -4.53586 2.51843 
-6.13374 -4.51623 2.47783 
-6.15909 -4.49556 2.43724 
-6.18358 -4.47388 2.39664 
-6.18777 -4.46998 2.3884 
-6.19193 -4.46605 2.38017 
-6.19606 -4.46208 2.37193 
-6.20015 -4.45808 2.36369 
-6.20421 -4.45405 2.35545 
-6.20824 -4.44998 2.34722 
-6.21223 -4.44588 2.33898 
-6.21619 -4.44175 2.33074 
-6.24639 -4.40674 2.23437 
-6.27309 -4.36898 2.138 
-6.29602 -4.32883 2.04162 
-6.31499 -4.28666 1.94525 
-6.32981 -4.24287 1.84888 
-6.33991 -4.20619 1.83022 
-6.34932 -4.16934 1.81155 
-6.35805 -4.13231 1.79288 
-6.36608 -4.09513 1.77422 
-6.37342 -4.0578 1.75555 
-6.38005 -4.02035 1.73689 
-6.38599 -3.98278 1.71822 
-6.39123 -3.9451 1.69956 
-6.39213 -3.93771 1.68424 
-6.39291 -3.9303 1.66891 
-6.39359 -3.92289 1.65359 
-6.39415 -3.91547 1.63827 
-6.39459 -3.90803 1.62294 
-6.39492 -3.9006 1.60762 
-6.39514 -3.89315 1.5923 
-6.39524 -3.88571 1.57698 
-6.39523 -3.87826 1.56165 
-6.39348 -3.84233 1.48258 
-6.3927 -3.83435 1.46377 
-6.39177 -3.82638 1.44496 
-6.39069 -3.81843 1.42615 
-6.38945 -3.8105 1.40734 
-6.38542 -3.78965 1.35193 
-6.38024 -3.76907 1.29651 
-6.37392 -3.7488 1.24109 
-6.3665 -3.72891 1.18568 
-6.35798 -3.70946 1.13026 
-6.3484 -3.69051 1.07485 
-6.33778 -3.67213 1.01943 
-6.32616 -3.65436 0.964014 
-6.30694 -3.62872 0.891227 
-6.28591 -3.60455 0.81844 
-6.26318 -3.58197 0.745653 
-6.23887 -3.5611 0.672866 
-6.2131 -3.54205 0.600079 
-6.18602 -3.52493 0.527292 
-6.15776 -3.50983 0.454505 
-6.15328 -3.50764 0.455186 
-6.14881 -3.50545 0.455868 
-6.14434 -3.50325 0.45655 
-6.10786 -3.4856 0.444954 
-6.07118 -3.46837 0.433357 
-6.03431 -3.45157 0.421761 
-5.99724 -3.43519 0.410165 
-5.95999 -3.41925 0.398568 
-5.92255 -3.40374 0.386972 
-5.88493 -3.38867 0.375375 
-5.84507 -3.37152 0.436967 
-5.80633 -3.35195 0.498558 
-5.76887 -3.33004 0.560149 
-5.73283 -3.30586 0.621741 
-5.69835 -3.2795 0.683332 
-5.66555 -3.25108 0.744923 
-5.63457 -3.22069 0.806515 
-5.60494 -3.18917 0.826223 
-5.57594 -3.15706 0.845931 
-5.54757 -3.1244 0.86564 
-5.51986 -3.09118 0.885348 
-5.4928 -3.05741 0.905057 
-5.46642 -3.02313 0.924765 
-5.44071 -2.98833 0.944474 
-5.4157 -2.95303 0.964182 
-5.4055 -2.93824 0.969616 
-5.39537 -2.92339 0.97505 
-5.38533 -2.90848 0.980483 
-5.37536 -2.89353 0.985917 
-5.36548 -2.87852 0.991351 
-5.35568 -2.86345 0.996785 
-5.35114 -2.85652 0.984893 
-5.34651 -2.84964 0.973001 
-5.34181 -2.84281 0.961109 
-5.33702 -2.83604 0.949217 
-5.33215 -2.82933 0.937325 
-5.3272 -2.82268 0.925433 
-5.32218 -2.81608 0.913541 
-5.31707 -2.80955 0.901649 
-5.31189 -2.80307 0.889757 
-5.30663 -2.79666 0.877866 
-5.29955 -2.788 0.892716 
-5.29259 -2.77923 0.907566 
-5.28577 -2.77037 0.922416 
-5.27908 -2.7614 0.937266 
-5.25128 -2.72011 1.01917 
-5.22696 -2.67669 1.10108 
-5.21994 -2.66207 1.14592 
-5.2073 -2.63402 1.14906 
-5.19475 -2.60593 1.15221 
-5.18229 -2.5778 1.15536 
-5.16992 -2.54962 1.1585 
-5.15763 -2.52141 1.16165 
-5.14052 -2.47519 1.27096 
-5.12856 -2.42737 1.38027 
-5.12188 -2.37853 1.48958 
-5.12057 -2.32926 1.59889 
-5.12464 -2.28013 1.7082 
-5.13405 -2.23175 1.81751 
-5.14868 -2.18468 1.92682 
-5.16836 -2.13948 2.03612 
-5.18893 -2.09749 2.0164 
-5.20867 -2.05511 1.99667 
-5.22756 -2.01234 1.97695 
-5.246 -1.96696 1.93644 
-5.26258 -1.92087 1.89592 
-5.27728 -1.87415 1.85541 
-5.29008 -1.82687 1.8149 
-5.30095 -1.77911 1.77438 
-5.30988 -1.73095 1.73387 
-5.31685 -1.68246 1.69335 
-5.32186 -1.63374 1.65284 
-5.32488 -1.58485 1.61233 
-5.32541 -1.56674 1.58712 
-5.32547 -1.54862 1.56191 
-5.32541 -1.53863 1.56641 
-5.32539 -1.52864 1.5709 
-5.32541 -1.51865 1.57539 
-5.32548 -1.50866 1.57988 
-5.32559 -1.49867 1.58437 
-5.32706 -1.45042 1.618 
-5.33015 -1.40225 1.65164 
-5.33485 -1.35421 1.68527 
-5.34117 -1.30636 1.7189 
-5.34445 -1.28636 1.74756 
-5.3483 -1.26645 1.77622 
-5.35272 -1.24667 1.80488 
-5.3577 -1.22702 1.83354 
-5.36325 -1.20752 1.8622 
-5.36935 -1.18819 1.89086 
-5.376 -1.16904 1.91952 
-5.3832 -1.15009 1.94818 
-5.39065 -1.13019 1.90982 
-5.3944 -1.11983 1.92696 
-5.39833 -1.10954 1.9441 
-5.40244 -1.09931 1.96124 
-5.40672 -1.08916 1.97838 
-5.41117 -1.07908 1.99552 
-5.4158 -1.06908 2.01267 
-5.4206 -1.05916 2.02981 
-5.42556 -1.04933 2.04695 
-5.43865 -1.02225 1.99518 
-5.44649 -1.00487 1.99355 
-5.45429 -0.987485 1.99191 
-5.46207 -0.970084 1.99027 
-5.46982 -0.952671 1.98864 
-5.4773 -0.935659 1.98179 
-5.48467 -0.918597 1.97493 
-5.49192 -0.901484 1.96808 
-5.49905 -0.884323 1.96123 
-5.50606 -0.867112 1.95438 
-5.51296 -0.849854 1.94753 
-5.51535 -0.843776 1.94263 
-5.51771 -0.837686 1.93773 
-5.52003 -0.831584 1.93284 
-5.52233 -0.825471 1.92794 
-5.5246 -0.819347 1.92305 
-5.52684 -0.813212 1.91815 
-5.52905 -0.807066 1.91325 
-5.53122 -0.800909 1.90836 
-5.54847 -0.757498 1.98971 
-5.5692 -0.715632 2.07107 
-5.59325 -0.675588 2.15242 
-5.61207 -0.648156 2.1916 
-5.63194 -0.621482 2.23078 
-5.65285 -0.595607 2.26995 
-5.67059 -0.574652 2.27687 
-5.68848 -0.55382 2.28379 
-5.70651 -0.533113 2.29071 
-5.72469 -0.512531 2.29762 
-5.74301 -0.492075 2.30454 
-5.76146 -0.471747 2.31146 
-5.78006 -0.451546 2.31837 
-5.7988 -0.431475 2.32529 
-5.82052 -0.407167 2.2747 
-5.82268 -0.404619 2.27261 
-5.82483 -0.402066 2.27052 
-5.82698 -0.399509 2.26843 
-5.83562 -0.389402 2.28762 
-5.84445 -0.379462 2.30681 
-5.84632 -0.37741 2.31362 
-5.8482 -0.375372 2.32043 
-5.85489 -0.368322 2.33956 
-5.86172 -0.361403 2.3587 
-5.86867 -0.354615 2.37783 
-5.87575 -0.347961 2.39697 
-5.88296 -0.341444 2.4161 
-5.89029 -0.335066 2.43524 
-5.89774 -0.328829 2.45437 
-5.91619 -0.313179 2.42182 
-5.93412 -0.296937 2.38928 
-5.95152 -0.280119 2.35673 
-5.96835 -0.262745 2.32419 
-5.98461 -0.244832 2.29164 
-6.00028 -0.2264 2.2591 
-6.00054 -0.226084 2.2596 
-6.00865 -0.216051 2.24131 
-6.01657 -0.205872 2.22301 
-6.02431 -0.195549 2.20471 
-6.04079 -0.172713 2.18696 
-6.05686 -0.149587 2.1692 
-6.07251 -0.12618 2.15145 
-6.08775 -0.102498 2.13369 
-6.10257 -0.0785497 2.11594 
-6.10755 -0.0702636 2.10864 
-6.11247 -0.0619413 2.10133 
-6.1352 -0.0179218 1.99333 
-6.15304 0.0282907 1.88532 
-6.1658 0.0761576 1.77732 
-6.17333 0.125121 1.66931 
-6.17509 0.144316 1.65525 
-6.17658 0.163533 1.64119 
-6.1778 0.18277 1.62713 
-6.17875 0.202021 1.61307 
-6.17943 0.221284 1.59902 
-6.17968 0.257134 1.5563 
-6.17839 0.292961 1.51359 
-6.17558 0.328701 1.47088 
-6.17124 0.364288 1.42816 
-6.16539 0.399657 1.38545 
-6.15803 0.434744 1.34274 
-6.14918 0.469485 1.30002 
-6.13886 0.503816 1.25731 
-6.13233 0.524122 1.26218 
-6.1259 0.54446 1.26704 
-6.11957 0.564828 1.27191 
-6.11334 0.585228 1.27678 
-6.10721 0.605657 1.28164 
-6.10118 0.626116 1.28651 
-6.09524 0.646604 1.29138 
-6.08745 0.67352 1.28668 
-6.07953 0.700399 1.28197 
-6.07149 0.72724 1.27727 
-6.06332 0.754044 1.27257 
-6.05502 0.780809 1.26787 
-6.04847 0.803754 1.31764 
-6.04307 0.826997 1.3674 
-6.03884 0.850479 1.41717 
-6.03577 0.874144 1.46693 
-6.03389 0.897931 1.5167 
-6.03319 0.921782 1.56646 
-6.03368 0.945639 1.61623 
-6.03536 0.969442 1.666 
-6.03581 0.97413 1.66769 
-6.03627 0.978817 1.66938 
-6.03947 1.01198 1.66463 
-6.04251 1.04516 1.65987 
-6.0454 1.07835 1.65511 
-6.04932 1.12791 1.64449 
-6.05272 1.1775 1.63387 
-6.05367 1.20044 1.5907 
-6.05363 1.2234 1.54753 
-6.0526 1.24634 1.50436 
-6.05058 1.26921 1.46119 
-6.04736 1.29361 1.4173 
-6.04306 1.31784 1.37342 
-6.03771 1.34186 1.32953 
-6.0313 1.36563 1.28564 
-6.02386 1.38908 1.24176 
-6.0154 1.41219 1.19787 
-6.00593 1.43491 1.15398 
-5.99548 1.45719 1.1101 
-5.98406 1.47899 1.06621 
-5.97169 1.50027 1.02232 
-5.95984 1.5208 1.07216 
-5.94903 1.54189 1.12199 
-5.93928 1.56349 1.17182 
-5.93062 1.58556 1.22166 
-5.92306 1.60802 1.27149 
-5.91112 1.6458 1.25739 
-5.89864 1.6834 1.2433 
-5.88563 1.72083 1.2292 
-5.87209 1.75806 1.2151 
-5.85803 1.7951 1.201 
-5.84345 1.83194 1.1869 
-5.82836 1.86857 1.17281 
-5.81274 1.90499 1.15871 
-5.79085 1.94781 1.03767 
-5.76395 1.98767 0.916629 
-5.73243 2.024 0.79559 
-5.69675 2.05625 0.67455 
-5.65744 2.08396 0.553511 
-5.61508 2.10672 0.432472 
-5.57027 2.1242 0.311433 
-5.52368 2.13614 0.190394 
-5.476 2.14237 0.0693544 
-5.4279 2.1428 -0.0516848 
-5.38761 2.14001 -0.086597 
-5.34743 2.13581 -0.121509 
-5.30743 2.13022 -0.156421 
-5.26765 2.12323 -0.191334 
-5.22813 2.11486 -0.226246 
-5.18874 2.10704 -0.165535 
-5.14896 2.10163 -0.104824 
-5.10891 2.09864 -0.0441131 
-5.06876 2.09809 0.0165978 
-5.02865 2.09997 0.0773087 
-5.00354 2.10176 0.0646676 
-4.97842 2.10323 0.0520264 
-4.95327 2.10438 0.0393853 
-4.92812 2.10521 0.0267441 
-4.90295 2.10572 0.014103 
-4.87778 2.10592 0.00146182 
-4.85261 2.1058 -0.0111793 
-4.82745 2.10536 -0.0238205 
-4.80229 2.1046 -0.0364616 
-4.77714 2.10352 -0.0491028 
-4.76522 2.10295 -0.0458803 
-4.75329 2.10243 -0.0426579 
-4.74136 2.10194 -0.0394355 
-4.72944 2.10148 -0.036213 
-4.71751 2.10107 -0.0329906 
-4.70557 2.1007 -0.0297682 
-4.69364 2.10036 -0.0265457 
-4.68732 2.10018 -0.031216 
-4.68099 2.09997 -0.0358862 
-4.67467 2.09972 -0.0405564 
-4.66835 2.09945 -0.0452266 
-4.66203 2.09915 -0.0498968 
-4.65571 2.09882 -0.054567 
-4.6494 2.09846 -0.0592373 
-4.64308 2.09807 -0.0639075 
-4.59624 2.09618 -0.0167295 
-4.54936 2.0965 0.0304484 
-4.50255 2.09904 0.0776264 
-4.45591 2.10377 0.124804 
-4.40954 2.11071 0.171982 
-4.36356 2.11982 0.21916 
-4.31942 2.12891 0.187141 
-4.27502 2.13658 0.155122 
-4.26876 2.13759 0.164923 
-4.26251 2.13866 0.174724 
-4.25627 2.1398 0.184524 
-4.25004 2.14099 0.194325 
-4.24383 2.14224 0.204126 
-4.23763 2.14356 0.213927 
-4.23144 2.14494 0.223728 
-4.22526 2.14637 0.233528 
-4.22442 2.14657 0.233283 
-4.22358 2.14677 0.233038 
-4.22273 2.14697 0.232793 
-4.22189 2.14717 0.232548 
-4.22104 2.14737 0.232303 
-4.2202 2.14757 0.232058 
-4.21936 2.14777 0.231813 
-4.21851 2.14797 0.231569 
-4.21767 2.14817 0.231324 
-4.19469 2.15384 0.252354 
-4.17183 2.15999 0.273385 
-4.14911 2.16662 0.294416 
-4.12653 2.17373 0.315447 
-4.10411 2.1813 0.336478 
-4.08185 2.18935 0.357509 
-4.05977 2.19787 0.37854 
-4.03787 2.20685 0.399571 
-4.01616 2.21628 0.420601 
-3.99466 2.22617 0.441632 
-3.95056 2.24684 0.434794 
-3.90633 2.2672 0.427956 
-3.86195 2.28726 0.421117 
-3.81744 2.30701 0.414279 
-3.7728 2.32646 0.407441 
-3.72802 2.3456 0.400602 
-3.70606 2.35418 0.343782 
-3.68222 2.3623 0.312567 
-3.65814 2.36966 0.281353 
-3.63384 2.37628 0.250138 
-3.60934 2.38213 0.218924 
-3.58468 2.38722 0.187709 
-3.55987 2.39153 0.156494 
-3.53493 2.39507 0.12528 
-3.5099 2.39782 0.0940652 
-3.4848 2.3998 0.0628506 
-3.43981 2.40529 0.180283 
-3.39578 2.41602 0.297716 
-3.35331 2.43183 0.415148 
-3.31298 2.45251 0.532581 
-3.27535 2.47778 0.650013 
-3.24095 2.50728 0.767446 
-3.22244 2.52423 0.715952 
-3.20308 2.54021 0.664458 
-3.18293 2.55518 0.612964 
-3.16203 2.56909 0.56147 
-3.14045 2.5819 0.509976 
-3.11823 2.59359 0.458482 
-3.09544 2.60411 0.406988 
-3.07214 2.61345 0.355494 
-3.04839 2.62158 0.304 
-3.03704 2.625 0.280839 
-3.02561 2.62815 0.257678 
-3.01411 2.63104 0.234517 
-3.0129 2.63133 0.232512 
-3.01169 2.63161 0.230506 
-3.01048 2.6319 0.228501 
-3.00927 2.63218 0.226496 
-3.00805 2.63246 0.22449 
-3.00684 2.63273 0.222485 
-3.00563 2.63301 0.220479 
-3.00441 2.63328 0.218474 
-3.0032 2.63354 0.216468 
-3.00198 2.63381 0.214463 
-2.99688 2.63493 0.21584 
-2.99177 2.63605 0.217218 
-2.98667 2.63718 0.218595 
-2.98156 2.63832 0.219973 
-2.97646 2.63946 0.22135 
-2.97136 2.64061 0.222728 
-2.92772 2.65227 0.299317 
-2.88511 2.66723 0.375906 
-2.84376 2.68541 0.452495 
-2.80392 2.7067 0.529084 
-2.76584 2.73097 0.605673 
-2.72971 2.75809 0.682262 
-2.69577 2.78789 0.758852 
-2.66421 2.8202 0.835441 
-2.63522 2.85483 0.91203 
-2.61448 2.87953 0.832613 
-2.59185 2.9025 0.753196 
-2.56747 2.9236 0.67378 
-2.54149 2.94271 0.594363 
-2.51408 2.95969 0.514946 
-2.4854 2.97445 0.43553 
-2.45565 2.98688 0.356113 
-2.425 2.99691 0.276696 
-2.3863 3.00783 0.273384 
-2.34756 3.01863 0.270073 
-2.30878 3.02929 0.266761 
-2.26997 3.03983 0.263449 
-2.23113 3.05024 0.260137 
-2.19225 3.06052 0.256825 
-2.15333 3.07067 0.253513 
-2.11439 3.08069 0.250202 
-2.07541 3.09058 0.24689 
-2.03639 3.10035 0.243578 
-1.99228 3.10907 0.146874 
-1.94754 3.11349 0.0501699 
-1.90258 3.11358 -0.046534 
-1.8735 3.11139 -0.103612 
-1.84459 3.10754 -0.16069 
-1.81594 3.10206 -0.217769 
-1.80108 3.09851 -0.250932 
-1.78634 3.09447 -0.284096 
-1.77174 3.08994 -0.317259 
-1.7573 3.08494 -0.350422 
-1.74303 3.07945 -0.383586 
-1.72594 3.07266 -0.372874 
-1.67919 3.05527 -0.339232 
-1.63189 3.03947 -0.30559 
-1.58408 3.02527 -0.271948 
-1.53582 3.01268 -0.238306 
-1.48717 3.00173 -0.204664 
-1.43817 2.99241 -0.171023 
-1.38889 2.98475 -0.137381 
-1.33938 2.97875 -0.103739 
-1.28969 2.97443 -0.0700969 
-1.23989 2.97177 -0.036455 
-1.19817 2.9705 -0.0243888 
-1.15643 2.96973 -0.0123226 
-1.11469 2.96947 -0.000256314 
-1.07295 2.96971 0.0118099 
-1.03121 2.97046 0.0238762 
-0.989485 2.97171 0.0359424 
-0.947778 2.97346 0.0480087 
-0.913113 2.97503 0.0424202 
-0.87844 2.9764 0.0368318 
-0.84376 2.97758 0.0312434 
-0.809074 2.97857 0.0256549 
-0.774383 2.97936 0.0200665 
-0.739688 2.97996 0.0144781 
-0.704991 2.98037 0.00888965 
-0.670291 2.98058 0.00330123 
-0.636319 2.98144 0.0477242 
-0.602419 2.98382 0.0921472 
-0.588223 2.98509 0.0871017 
-0.574021 2.9863 0.0820562 
-0.559813 2.98743 0.0770107 
-0.545599 2.98849 0.0719651 
-0.531381 2.98948 0.0669196 
-0.501216 2.99135 0.0568522 
-0.471035 2.99292 0.0467847 
-0.440839 2.99418 0.0367173 
-0.410632 2.99513 0.0266498 
-0.380417 2.99579 0.0165824 
-0.350196 2.99614 0.00651491 
-0.300979 2.99824 0.0790467 
-0.265037 3.00223 0.141714 
-0.229415 3.00845 0.204382 
-0.194254 3.0169 0.26705 
-0.15969 3.02753 0.329718 
-0.12586 3.0403 0.392385 
-0.0928959 3.05517 0.455053 
-0.071611 3.06537 0.438268 
-0.050158 3.0752 0.421484 
-0.0285429 3.08468 0.404699 
-0.0067718 3.09379 0.387914 
0.0151491 3.10253 0.371129 
0.0372137 3.1109 0.354344 
0.0594157 3.11891 0.337559 
0.0817488 3.12653 0.320775 
0.104207 3.13379 0.30399 
0.126784 3.14066 0.287205 
0.155922 3.14819 0.218605 
0.185508 3.15371 0.150006 
0.215402 3.15718 0.0814061 
0.245464 3.1586 0.0128065 
0.275552 3.15795 -0.0557931 
0.305526 3.15525 -0.124393 
0.335243 3.15049 -0.192992 
0.3582 3.14606 -0.188002 
0.381179 3.14175 -0.183012 
0.404179 3.13755 -0.178022 
0.4272 3.13347 -0.173031 
0.450241 3.1295 -0.168041 
0.473301 3.12565 -0.163051 
0.49638 3.12191 -0.158061 
0.519478 3.11829 -0.15307 
0.543055 3.11507 -0.117971 
0.56673 3.11269 -0.0828727 
0.590475 3.11114 -0.0477739 
0.614259 3.11042 -0.0126751 
0.638054 3.11053 0.0224237 
0.66183 3.11148 0.0575225 
0.685559 3.11327 0.0926213 
0.70921 3.11588 0.12772 
0.732754 3.11933 0.162819 
0.770226 3.12528 0.152098 
0.807759 3.13083 0.141376 
0.808331 3.13091 0.139934 
0.808903 3.13099 0.138492 
0.809476 3.13107 0.13705 
0.844577 3.13637 0.163014 
0.879529 3.14259 0.188978 
0.914308 3.14971 0.214942 
0.94889 3.15773 0.240906 
0.983253 3.16665 0.26687 
1.03105 3.178 0.199321 
1.05971 3.18448 0.245758 
1.08803 3.19229 0.292196 
1.11595 3.2014 0.338634 
1.14343 3.2118 0.385071 
1.17039 3.22346 0.431509 
1.19678 3.23637 0.477947 
1.22255 3.25048 0.524384 
1.24763 3.26577 0.570822 
1.27197 3.28222 0.61726 
1.29764 3.30081 0.636464 
1.32295 3.31989 0.655668 
1.34789 3.33946 0.674872 
1.37244 3.3595 0.694075 
1.39661 3.38001 0.713279 
1.42597 3.40283 0.608161 
1.45686 3.42632 0.692288 
1.48566 3.45232 0.776414 
1.51218 3.48065 0.860541 
1.53622 3.51111 0.944667 
1.55761 3.54348 1.02879 
1.57622 3.57753 1.11292 
1.59189 3.61303 1.19705 
1.60452 3.64972 1.28117 
1.61403 3.68734 1.3653 
1.61448 3.6895 1.36957 
1.61492 3.69166 1.37383 
1.61534 3.69383 1.3781 
1.61576 3.696 1.38237 
1.61617 3.69817 1.38663 
1.61657 3.70034 1.3909 
1.62211 3.73263 1.41097 
1.627 3.76502 1.43104 
1.63123 3.7975 1.45111 
1.63482 3.83007 1.47118 
1.63775 3.8627 1.49125 
1.64002 3.89538 1.51132 
1.6414 3.91431 1.48488 
1.64328 3.93321 1.45844 
1.64367 3.93654 1.45095 
1.64409 3.93988 1.44345 
1.64453 3.94321 1.43595 
1.64499 3.94653 1.42845 
1.64548 3.94986 1.42095 
1.64599 3.95318 1.41346 
1.64653 3.95649 1.40596 
1.64709 3.95981 1.39846 
1.64768 3.96311 1.39096 
1.65279 3.99413 1.42401 
1.65688 4.0253 1.45705 
1.65993 4.05659 1.4901 
1.66195 4.08796 1.52314 
1.66292 4.11938 1.55619 
1.66286 4.15082 1.58923 
1.66177 4.18223 1.62228 
1.65963 4.2136 1.65532 
1.6594 4.21634 1.64985 
1.65919 4.21909 1.64438 
1.659 4.22183 1.63891 
1.65882 4.22458 1.63344 
1.65865 4.22733 1.62796 
1.6585 4.23008 1.62249 
1.65837 4.23283 1.61702 
1.65825 4.23558 1.61155 
1.65815 4.23833 1.60608 
1.65754 4.28465 1.56176 
1.65898 4.33095 1.51745 
1.66248 4.37715 1.47313 
1.66801 4.42314 1.42882 
1.67558 4.46884 1.3845 
1.68517 4.51417 1.34019 
1.69676 4.55902 1.29587 
1.71032 4.60331 1.25156 
1.72583 4.64697 1.20724 
1.72703 4.65014 1.21214 
1.72821 4.65332 1.21703 
1.72938 4.65651 1.22193 
1.73053 4.65971 1.22682 
1.73167 4.66291 1.23172 
1.73279 4.66611 1.23661 
1.74961 4.71312 1.21766 
1.76732 4.7598 1.1987 
1.78592 4.80614 1.17975 
1.79896 4.8349 1.11045 
1.81395 4.86268 1.04115 
1.83084 4.88936 0.971848 
1.84764 4.91379 0.965365 
1.86459 4.93812 0.958883 
1.8817 4.96234 0.952401 
1.89897 4.98645 0.945918 
1.9164 5.01044 0.939436 
1.93398 5.03432 0.932954 
1.95172 5.05809 0.926472 
1.97937 5.09818 1.00735 
2.00369 5.14036 1.08822 
2.02453 5.18438 1.16909 
2.04174 5.22993 1.24997 
2.05522 5.27673 1.33084 
2.06487 5.32446 1.41172 
2.07063 5.37282 1.49259 
2.07247 5.42148 1.57347 
2.0725 5.44014 1.56569 
2.07266 5.45879 1.55791 
2.07331 5.49225 1.54507 
2.07439 5.52569 1.53223 
2.07589 5.55912 1.51939 
2.07782 5.59253 1.50655 
2.08019 5.6259 1.49371 
2.08298 5.65925 1.48087 
2.0862 5.69255 1.46803 
2.08984 5.72581 1.45519 
2.09392 5.75903 1.44235 
2.09732 5.78297 1.41671 
2.10134 5.80682 1.39108 
2.10597 5.83055 1.36545 
2.1112 5.85416 1.33981 
2.11704 5.87763 1.31418 
2.12347 5.90094 1.28854 
2.13051 5.92408 1.26291 
2.13813 5.94703 1.23727 
2.14634 5.96978 1.21164 
2.15513 5.99231 1.186 
2.15836 6.0004 1.19546 
2.16152 6.00852 1.20493 
2.1646 6.01668 1.21439 
2.1676 6.02486 1.22385 
2.17299 6.0404 1.25012 
2.17797 6.05608 1.2764 
2.18254 6.07189 1.30267 
2.18669 6.08781 1.32895 
2.20027 6.13181 1.21402 
2.2188 6.17396 1.0991 
2.24204 6.21371 0.984171 
2.26969 6.25053 0.869246 
2.30138 6.28394 0.75432 
2.33669 6.31349 0.639395 
2.37516 6.3388 0.52447 
2.41627 6.35953 0.409545 
2.4595 6.37541 0.294619 
2.50425 6.38623 0.179694 
2.51735 6.38875 0.200997 
2.53039 6.39155 0.222299 
2.54337 6.39463 0.243602 
2.55628 6.39799 0.264904 
2.55644 6.39803 0.265011 
2.55661 6.39808 0.265117 
2.55677 6.39812 0.265224 
2.55694 6.39817 0.26533 
2.60508 6.4104 0.232528 
2.65359 6.42105 0.199726 
2.70242 6.43011 0.166924 
2.75153 6.43756 0.134123 
2.80085 6.44339 0.101321 
2.85034 6.4476 0.068519 
2.89994 6.45019 0.0357172 
2.9496 6.45115 0.00291536 
2.99926 6.45048 -0.0298865 
3.04888 6.44818 -0.0626883 
3.05306 6.4479 -0.0727715 
3.05724 6.44757 -0.0828546 
3.06141 6.4472 -0.0929378 
3.06559 6.44679 -0.103021 
3.06975 6.44634 -0.113104 
3.07392 6.44585 -0.123187 
3.07807 6.44531 -0.13327 
3.08222 6.44473 -0.143354 
3.11374 6.4405 -0.123924 
3.14534 6.43687 -0.104494 
3.177 6.43386 -0.0850645 
3.20872 6.43147 -0.0656349 
3.24048 6.42969 -0.0462052 
3.27226 6.42853 -0.0267755 
3.30406 6.42799 -0.00734576 
3.31144 6.42792 -0.0106974 
3.31882 6.42783 -0.0140491 
3.3262 6.42771 -0.0174007 
3.33358 6.42757 -0.0207524 
3.34096 6.42741 -0.024104 
3.34834 6.42722 -0.0274557 
3.35572 6.427 -0.0308073 
3.36309 6.42676 -0.034159 
3.37047 6.4265 -0.0375107 
3.37785 6.42621 -0.0408623 
3.42625 6.42745 0.0922485 
3.47407 6.43511 0.225359 
3.52044 6.44905 0.35847 
3.56456 6.46901 0.491581 
3.60564 6.49466 0.624692 
3.64294 6.52553 0.757803 
3.67098 6.55208 0.758692 
3.70541 6.58586 0.792981 
3.73867 6.62081 0.82727 
3.77072 6.65688 0.861558 
3.8015 6.69402 0.895847 
3.81295 6.70886 0.931281 
3.82387 6.72409 0.966714 
3.83423 6.73969 1.00215 
3.84404 6.75566 1.03758 
3.85917 6.78207 1.06393 
3.87359 6.80887 1.09028 
3.8873 6.83604 1.11662 
3.90029 6.86357 1.14297 
3.91422 6.89794 1.22865 
3.92516 6.93339 1.31433 
3.93302 6.96964 1.40001 
3.93776 7.00643 1.48569 
3.93932 7.04349 1.57137 
3.93872 7.06424 1.6281 
3.93695 7.08492 1.68482 
3.934 7.10546 1.74154 
3.9299 7.12581 1.79826 
3.92464 7.14589 1.85499 
3.91826 7.16564 1.91171 
3.91077 7.185 1.96843 
3.90219 7.2039 2.02515 
3.89256 7.22228 2.08188 
3.8819 7.24009 2.1386 
3.85649 7.27993 2.13838 
3.83109 7.31978 2.13817 
3.8057 7.35963 2.13795 
3.78032 7.39948 2.13773 
3.75495 7.43935 2.13751 
3.72958 7.47922 2.1373 
3.70423 7.51909 2.13708 
3.67888 7.55897 2.13686 
3.6675 7.57695 2.13347 
3.65618 7.59497 2.13008 
3.64492 7.61303 2.12669 
3.63372 7.63113 2.1233 
3.62258 7.64926 2.1199 
3.60539 7.6759 2.16739 
3.58697 7.7017 2.21487 
3.56733 7.72659 2.26235 
3.54654 7.75052 2.30983 
3.52464 7.77344 2.35731 
3.52049 7.77762 2.34753 
3.51637 7.78185 2.33775 
3.5123 7.78611 2.32797 
3.50828 7.79042 2.31819 
3.50429 7.79476 2.30841 
3.50035 7.79914 2.29863 
3.49644 7.80356 2.28885 
3.49259 7.80802 2.27908 
3.48877 7.81252 2.2693 
3.46329 7.84443 2.21982 
3.43943 7.87757 2.17034 
3.42665 7.89692 2.13825 
3.4145 7.91667 2.10615 
3.403 7.9368 2.07406 
3.39214 7.95728 2.04196 
3.38195 7.97811 2.00987 
3.36878 8.00754 1.97329 
3.3567 8.03743 1.93672 
3.34571 8.06774 1.90014 
3.33585 8.09843 1.86357 
3.32238 8.14282 1.86688 
3.31925 8.15355 1.84325 
3.31637 8.16436 1.81962 
3.31447 8.17191 1.81454 
3.31261 8.17948 1.80946 
3.31079 8.18705 1.80438 
3.309 8.19463 1.7993 
3.30726 8.20222 1.79422 
3.30047 8.23163 1.80083 
3.29565 8.25336 1.77723 
3.29135 8.27521 1.75363 
3.28756 8.29715 1.73002 
3.28429 8.31917 1.70642 
3.28154 8.34126 1.68281 
3.27931 8.36341 1.65921 
3.27761 8.38561 1.63561 
3.27643 8.40785 1.612 
3.27577 8.4301 1.5884 
3.27574 8.44353 1.55808 
3.27611 8.45695 1.52777 
3.2776 8.4835 1.50221 
3.27976 8.51 1.47666 
3.28259 8.53644 1.4511 
3.28611 8.5628 1.42554 
3.29029 8.58906 1.39998 
3.29515 8.6152 1.37443 
3.30067 8.64121 1.34887 
3.30685 8.66707 1.32331 
3.31694 8.70106 1.24114 
3.32978 8.7341 1.15897 
3.3453 8.76597 1.07679 
3.36337 8.79647 0.994621 
3.38389 8.82538 0.912448 
3.40671 8.8525 0.830275 
3.43168 8.87766 0.748102 
3.45864 8.90069 0.665929 
3.4766 8.91463 0.653856 
3.49473 8.92835 0.641784 
3.51302 8.94185 0.629711 
3.53148 8.95513 0.617639 
3.55009 8.96818 0.605566 
3.56886 8.98101 0.593494 
3.58778 8.99361 0.581421 
3.60686 9.00598 0.569349 
3.60928 9.00753 0.569653 
3.61171 9.00908 0.569956 
3.61413 9.01064 0.57026 
3.61655 9.01219 0.570563 
3.61769 9.01292 0.571624 
3.61883 9.01366 0.572684 
3.61997 9.01439 0.573744 
3.62111 9.01513 0.574805 
3.62225 9.01587 0.575865 
3.63811 9.02572 0.535877 
3.65435 9.03493 0.495888 
3.67095 9.04349 0.4559 
3.68094 9.04827 0.436414 
3.69102 9.05285 0.416928 
3.70118 9.05723 0.397442 
3.71143 9.06142 0.377957 
3.72176 9.0654 0.358471 
3.73216 9.06918 0.338985 
3.74263 9.07276 0.319499 
3.78044 9.08467 0.290728 
3.81857 9.09548 0.261957 
3.857 9.1052 0.233186 
3.89569 9.1138 0.204415 
3.93461 9.12129 0.175644 
3.97374 9.12765 0.146873 
4.01302 9.13289 0.118102 
4.04394 9.13672 0.128887 
4.06238 9.13882 0.0969772 
4.10859 9.14482 0.161386 
4.15431 9.15378 0.225795 
4.19936 9.16567 0.290204 
4.24355 9.18043 0.354613 
4.28669 9.19801 0.419022 
4.32862 9.21832 0.483431 
4.36915 9.2413 0.54784 
4.37078 9.24228 0.542994 
4.3724 9.24326 0.538147 
4.37403 9.24423 0.5333 
4.41669 9.26791 0.480315 
4.46053 9.28929 0.427329 
4.50545 9.30833 0.374343 
4.55132 9.32496 0.321358 
4.598 9.33914 0.268372 
4.64536 9.35082 0.215386 
4.6533 9.35259 0.221875 
4.66123 9.3544 0.228365 
4.669 9.35616 0.216088 
4.67679 9.35782 0.203811 
4.6846 9.35938 0.191534 
4.69243 9.36085 0.179257 
4.70028 9.36222 0.16698 
4.70814 9.3635 0.154703 
4.71602 9.36468 0.142426 
4.7226 9.36566 0.153136 
4.72917 9.36671 0.163845 
4.75049 9.37047 0.185371 
4.77171 9.37468 0.206897 
4.79285 9.37936 0.228423 
4.81982 9.38548 0.21768 
4.84686 9.39131 0.206937 
4.87396 9.39684 0.196193 
4.90111 9.40209 0.18545 
4.92833 9.40704 0.174707 
4.95559 9.4117 0.163964 
4.9829 9.41607 0.15322 
5.01026 9.42015 0.142477 
5.03194 9.42293 0.112631 
5.05369 9.42506 0.0827845 
5.07549 9.42654 0.0529382 
5.09733 9.42737 0.023092 
5.10145 9.42746 0.0178688 
5.10557 9.42752 0.0126455 
5.10969 9.42756 0.00742234 
5.11381 9.42758 0.00219914 
5.11793 9.42758 -0.00302407 
5.12205 9.42755 -0.00824727 
5.12617 9.42751 -0.0134705 
5.13029 9.42744 -0.0186937 
5.13441 9.42736 -0.0239169 
5.1358 9.42733 -0.0204976 
5.13719 9.4273 -0.0170784 
5.13858 9.42728 -0.0136591 
5.13997 9.42726 -0.0102399 
5.17409 9.42774 0.0385383 
5.20814 9.42989 0.0873166 
5.24205 9.43369 0.136095 
5.2677 9.43705 0.124143 
5.29338 9.4401 0.112191 
5.31909 9.44284 0.10024 
5.34484 9.44527 0.0882882 
5.37062 9.4474 0.0763365 
5.39641 9.44922 0.0643849 
5.42223 9.45073 0.0524332 
5.46925 9.45441 0.103742 
5.50597 9.45893 0.141314 
5.54249 9.46483 0.178886 
5.57876 9.47209 0.216457 
5.60534 9.47814 0.230931 
5.63515 9.48543 0.248679 
5.66482 9.49324 0.266426 
5.69436 9.50159 0.284174 
5.72374 9.51045 0.301922 
5.7538 9.51918 0.263506 
5.78417 9.52675 0.22509 
5.81481 9.53315 0.186674 
5.84568 9.53837 0.148258 
5.87672 9.5424 0.109842 
5.9079 9.54523 0.0714261 
5.93916 9.54687 0.03301 
5.97046 9.5473 -0.00540601 
6.00175 9.54653 -0.043822 
6.00781 9.5463 -0.031818 
6.01386 9.54614 -0.0198139 
6.05646 9.54602 0.0141195 
6.06413 9.54612 0.00997801 
6.07181 9.54618 0.00583655 
6.07949 9.5462 0.00169509 

