Pendulum 
-1.5708 0 
-1.57546 -0.186189 
-1.58934 -0.36782 
-1.61209 -0.540452 
-1.64316 -0.699869 
-1.68179 -0.842206 
-1.72704 -0.964063 
-1.77781 -1.06262 
-1.83288 -1.13574 
-1.89172 -1.21318 
-1.95373 -1.26247 
-2.01749 -1.2831 
-2.08157 -1.27541 
-2.13389 -0.813783 
-2.16266 -0.335245 
-2.1673 0.150131 
-2.1477 0.632455 
-2.10427 1.10175 
-2.0405 1.44444 
-1.96035 1.75554 
-1.86561 2.02686 
-1.75624 2.3392 
-1.63263 2.59529 
-1.49796 2.7804 
-1.35501 2.92624 
-1.2065 3.00226 
-1.05592 3.00975 
-0.906596 2.95322 
-0.761551 2.83981 
-0.631675 2.34843 
-0.527277 1.82283 
-0.449769 1.27452 
-0.400054 0.712433 
-0.378641 0.143438 
-0.385732 -0.42688 
-0.421202 -0.990781 
-0.484643 -1.5446 
-0.575366 -2.08057 
-0.693578 -2.64221 
-0.830486 -2.82639 
-0.975365 -2.95946 
-1.12543 -3.03261 
-1.28397 -3.29668 
-1.45381 -3.48347 
-1.6309 -3.58578 
-1.81093 -3.60072 
-1.98955 -3.53028 
-2.16656 -3.53727 
-2.34208 -3.47274 
-2.50641 -3.09159 
-2.65049 -2.66529 
-2.77243 -2.20793 
-2.87096 -1.73076 
-2.94531 -1.24202 
-2.99506 -0.747149 
-3.01998 -0.249496 
-3.02548 0.0296939 
-3.01701 0.308797 
-2.99461 0.586933 
-2.95835 0.862912 
-2.90839 1.13497 
-2.84497 1.4005 
-2.7685 1.6559 
-2.67962 1.8964 
-2.57921 2.11608 
-2.45746 2.74818 
-2.3051 3.33742 
-2.12443 3.87793 
-1.91866 4.33763 
-1.69233 4.69772 
-1.45079 4.94414 
-1.19991 5.07107 
-0.945603 5.08296 
-0.693292 4.99443 
-0.450338 4.71299 
-0.222833 4.38111 
-0.0126266 4.02514 
0.179656 3.66749 
0.354386 3.32548 
0.512672 3.01142 
0.656129 2.73331 
0.786683 2.49591 
0.90644 2.30174 
1.01376 1.99821 
1.10695 1.73623 
1.18802 1.51231 
1.25876 1.32282 
1.32081 1.16423 
1.37564 1.03333 
1.42456 0.927339 
1.46875 0.843882 
1.50762 0.713792 
1.54042 0.601205 
1.56798 0.503385 
1.59097 0.417934 
1.60995 0.342752 
1.62538 0.275986 
1.63726 0.19993 
1.64546 0.128776 
1.65019 0.0607788 
1.65156 -0.00572977 
1.64961 -0.0723787 
1.64618 -0.0651633 
1.64307 -0.0595448 
1.6402 -0.0553858 
1.63751 -0.0525846 
1.63492 -0.0510728 
1.63277 -0.0352683 
1.63113 -0.0304722 
1.62971 -0.0264237 
1.62847 -0.0230234 
1.6274 -0.020188 
1.62645 -0.0178478 
1.6256 -0.0159457 
1.62485 -0.0144347 
1.62415 -0.0132781 
1.62351 -0.0124472 
1.62299 -0.00854338 
1.62265 -0.00484922 
1.6225 -0.00127407 
1.62253 0.00226981 
1.62273 0.00586939 
1.62312 0.00961302 
1.62324 -0.00453001 
1.62305 -0.00326674 
1.62292 -0.00208364 
1.62284 -0.000951672 
1.62282 0.000156939 
1.62286 0.0012694 
1.62295 0.00241302 
1.62305 0.00172446 
1.62312 0.00107822 
1.62316 0.000458447 
1.62317 -0.000150077 
1.62266 -0.0202367 
1.62113 -0.0408201 
1.61856 -0.0624053 
1.61487 -0.0855224 
1.60997 -0.110739 
1.60375 -0.138675 
1.59605 -0.170018 
1.58668 -0.205537 
1.5805 -0.0420351 
1.57888 -0.0228763 
1.5782 -0.00427964 

