Pendulum 
-1.5708 0 
-1.55323 0.146049 
-1.50927 0.219555 
-1.46073 0.18419 
-1.43165 0.0577984 
-1.43637 -0.0970789 
-1.45318 -0.0427961 
-1.45441 0.0326011 
-1.43944 0.0919118 
-1.41566 0.105943 
-1.39476 0.0679338 
-1.37405 0.104512 
-1.35066 0.0901264 
-1.336 0.0319733 
-1.36761 -0.295171 
-1.46055 -0.478159 
-1.56914 -0.425041 
-1.6396 -0.160886 
-1.71524 -0.468359 
-1.8371 -0.54602 
-1.94597 -0.361601 
-1.99032 -0.00856089 
-1.8165 1.45822 
-1.42654 1.78554 
-1.06319 1.24427 
-0.896976 0.149258 
-1.07948 -1.67943 
-1.61085 -2.74676 
-2.23856 -2.49078 
-2.67989 -1.24404 
-2.65736 1.43625 
-2.16279 2.74231 
-1.48449 2.90998 
-0.934515 1.67992 
-0.766074 -0.26213 
-0.995368 -1.66579 
-1.47703 -2.35162 
-1.98749 -1.89744 
-2.28212 -0.571437 
-2.23277 0.986418 
-1.83195 2.3646 
-1.23314 2.61747 
-0.72267 1.66334 
-0.581592 -0.467863 
-0.908126 -2.29002 
-1.56299 -3.17336 
-2.24776 -2.53951 
-2.65273 -0.886974 
-2.58938 1.42647 
-2.02916 3.29263 
-1.18875 3.70245 
-0.455982 2.47171 
-0.0986677 0.601427 
-0.183235 -1.33303 
-0.673123 -2.85355 
-1.42431 -3.43627 
-2.12578 -2.40685 
-2.45042 -0.325767 
-2.2668 1.87478 
-1.64649 3.30498 
-0.871162 3.1616 
-0.28642 1.80623 
-0.0962583 -0.164657 
-0.380421 -2.28365 
-1.10839 -3.86621 
-2.02734 -3.78346 
-2.71923 -2.05709 
-2.86862 0.775433 
-2.37354 3.44227 
-1.3825 4.82807 
-0.326318 4.06538 
0.431661 2.54549 
0.7359 0.165219 
0.628306 -1.12664 
0.192851 -2.72746 
-0.640437 -4.45617 
-1.75213 -4.83134 
-2.6878 -3.03348 
-3.08829 -0.415772 
-2.87668 2.24571 
-2.1179 4.18782 
-1.08683 4.39751 
-0.24156 2.76405 
0.15202 0.655362 
-0.00830606 -2.05569 
-0.654848 -3.49172 
-1.53008 -3.83082 
-2.27388 -2.37567 
-2.54931 0.0477419 
-2.37211 1.45187 
-1.89299 2.56294 
-1.28662 2.48197 
-0.842995 1.23057 
-0.818808 -1.02685 
-1.28428 -2.87035 
-2.03325 -3.36332 
-2.71695 -2.40674 
-2.94586 0.439826 
-2.52195 3.18793 
-1.55779 4.88112 
-0.455294 4.36497 
0.371977 2.82147 
0.877742 1.68845 
1.13227 0.60551 
1.1727 -0.240122 
1.07045 -0.683416 
0.834228 -1.44289 
0.365044 -2.73763 
-0.458035 -4.41138 
-1.58434 -5.03192 
-2.5891 -3.38599 
-3.06578 -0.709201 
-2.91057 2.05179 
-2.14731 4.42836 
-1.01078 5.03741 
0.0119294 3.68096 
0.676394 2.18412 
1.06829 1.33624 
1.27148 0.500665 
1.34923 0.203409 
1.37313 0.0131836 
1.39819 0.213866 
1.48012 0.528869 
1.56044 0.199437 
1.58 -0.0220064 

