Pendulum 
-1.5708 0 
-1.60558 -0.289262 
-1.69266 -0.435001 
-1.78895 -0.36634 
-1.84729 -0.119512 
-1.94011 -0.654259 
-2.1247 -0.888188 
-2.31937 -0.746038 
-2.44637 -0.3255 
-2.46078 0.203684 
-2.42905 0.0644858 
-2.43275 -0.0957615 
-2.47068 -0.224873 
-2.53074 -0.283865 
-2.59488 -0.260583 
-2.47845 1.24864 
-2.05221 2.33567 
-1.48434 2.3929 
-1.04278 1.28863 
-0.935875 -0.392389 
-1.21049 -1.90522 
-1.74273 -2.52352 
-2.27634 -1.93538 
-2.5744 -0.583936 
-2.53169 0.946558 
-2.37157 0.406997 
-2.35529 -0.269791 
-2.48839 -0.854137 
-2.72833 -1.18599 
-3.01555 -1.2827 
-2.9917 1.48911 
-2.3611 3.89465 
-1.30955 4.8763 
-0.29094 3.71545 
0.35127 1.88126 
0.595896 0.289121 
0.490292 -1.22842 
0.0101286 -2.99478 
-0.881237 -4.62288 
-1.98097 -4.53946 
-2.81299 -2.49149 
-2.987 0.991496 
-2.36744 4.30031 
-1.13083 6.0107 
0.204878 5.39223 
1.10482 2.64243 
1.51067 1.03296 
1.62177 -0.0254727 

