Pendulum 
-1.5708 0 
-1.5729 -0.0175021 
-1.57817 -0.0263076 
-1.58398 -0.0220414 
-1.58745 -0.00682397 
-1.58686 0.0117839 
-1.58249 0.0245371 
-1.54228 0.309826 
-1.45197 0.441351 
-1.35625 0.355248 
-1.30203 0.0962118 
-1.3156 -0.209188 
-1.39039 -0.413506 
-1.57648 -1.13444 
-1.8684 -1.29477 
-2.12414 -0.841147 
-2.22714 -0.0226469 
-2.14123 0.743283 
-1.90988 1.18997 
-1.63736 1.07873 
-1.45524 0.435938 
-1.45365 -0.422747 
-1.63339 -1.07208 
-1.90548 -1.19296 
-2.13847 -0.753819 
-2.10009 1.07529 
-1.68094 2.42007 
-1.07905 2.59157 
-0.57693 1.63708 
-0.439235 -0.463904 
-0.781417 -2.44015 
-1.49202 -3.49921 
-2.25961 -2.90259 
-2.68461 -0.697033 
-2.56624 1.70538 
-1.94032 3.55854 
-1.05604 3.80285 
-0.299287 2.60394 
0.106934 0.91675 
0.124186 -0.765863 
-0.247367 -2.45918 
-0.978617 -3.74605 
-1.85188 -3.52648 
-2.47192 -1.67497 
-2.57822 0.772894 
-2.13457 2.96994 
-1.31443 3.86006 
-0.498804 2.99519 
0.00360995 1.33105 
0.110541 -0.398129 
-0.180335 -2.1296 
-0.849493 -3.56981 
-1.7184 -3.67602 
-2.51569 -3.00415 
-3.02896 -1.39306 
-3.02422 1.43411 
-2.3812 4.06208 
-1.26807 5.22288 
-0.160032 4.15019 
0.589691 2.43367 
1.00906 1.32621 
1.24434 0.79915 
1.40735 0.677309 
1.53832 0.510096 
1.59814 0.0324199 
1.55456 -0.427694 
1.512 0.0417767 

