Pendulum 
-1.5708 0 
-1.53409 0.305267 
-1.44219 0.459095 
-1.34055 0.386858 
-1.24042 0.44734 
-1.0551 1.09994 
-0.771248 1.28329 
-0.499665 1.01774 
-0.375971 0.0385549 
-0.502519 -1.11925 
-0.868355 -1.97574 
-1.35222 -2.0686 
-1.74262 -1.17863 
-1.84924 0.290701 
-1.55454 2.1617 
-0.937513 2.98348 
-0.273429 2.65072 
0.251907 1.91698 
0.625604 1.39259 
0.924735 1.28673 
1.22701 1.44074 
1.64276 2.32717 
1.97616 0.691901 
1.9874 -0.590414 
1.89586 -0.23745 
1.73188 -1.24755 
1.64641 0.472558 
1.7002 0.0151745 
1.68758 -0.129556 
1.63535 -0.34405 
1.5153 -0.744599 
1.39385 -0.356441 
1.31292 -0.376735 
1.20571 -0.593614 
1.03294 -0.966852 
0.727684 -1.7759 
0.365869 -1.44008 
0.0443728 -1.37998 
-0.384785 -2.32631 
-0.98956 -2.78984 
-1.57912 -2.12369 
-1.8851 -0.423121 
-1.75787 1.48303 
-1.25957 2.66237 
-0.629276 2.62706 
-0.112105 1.80162 
0.189244 0.824431 
0.272256 -0.0951452 
0.260903 -0.00468717 
0.270051 0.0851242 
0.300981 0.187092 
0.358365 0.318832 
0.452198 0.510899 
0.428088 -0.724517 
0.137381 -1.83506 
-0.423032 -3.01114 
-1.19676 -3.50925 
-1.91448 -2.46309 
-2.23943 -0.25674 
-2.10406 1.39211 
-1.85614 0.677372 
-1.81742 -0.354893 
-2.00617 -1.21878 
-2.3357 -1.5437 
-2.58691 -0.581976 
-2.68969 -0.293178 
-2.72999 -0.0509183 
-2.5242 1.80368 
-1.85415 3.822 
-0.905072 4.08523 
-0.0972493 2.79917 
0.366341 1.25833 
0.497214 -0.099097 
0.319018 -1.47788 
-0.198194 -3.03475 
-1.0481 -4.17513 
-1.98278 -3.60618 
-2.58003 -1.4213 
-2.54919 1.68348 
-1.84736 4.2116 
-0.76456 4.81867 
0.24444 3.86403 
1.04403 3.26736 
1.4967 0.830618 
1.58757 -0.00650368 

