Pendulum 
-1.5708 0 
-1.58136 -0.421608 
-1.61278 -0.832898 
-1.66431 -1.22383 
-1.73467 -1.58496 
-1.82217 -1.90787 
-1.9247 -2.18562 
-2.04171 -2.48586 
-2.17239 -2.73204 
-2.314 -2.92326 
-2.46384 -3.06196 
-2.60871 -2.72616 
-2.73588 -2.35623 
-2.84395 -1.96329 
-2.93198 -1.55601 
-2.99058 -0.787139 
-3.01064 -0.0151818 
-2.99209 0.756828 
-2.935 1.5259 
-2.83963 2.28695 
-2.70659 3.03084 
-2.55659 2.96325 
-2.41093 2.8557 
-2.2718 2.70165 
-2.14161 2.49721 
-1.9986 3.21289 
-1.82152 3.8569 
-1.61444 4.40956 
-1.38235 4.85481 
-1.1309 5.18401 
-0.865861 5.39921 
-0.604299 5.04896 
-0.357613 4.80916 
-0.124072 4.52795 
0.0949497 4.23266 
0.299354 3.94679 
0.490101 3.68908 
0.668969 3.47364 
0.826894 2.85215 
0.955038 2.28177 
1.05583 1.75687 
1.13135 1.26938 
1.18324 0.810024 
1.21266 0.369051 
1.23336 0.460695 
1.25891 0.563025 
1.28988 0.678528 
1.32702 0.810055 
1.37121 0.960907 
1.4235 1.13491 
1.48516 1.3365 
1.5391 0.825594 
1.56806 0.334962 
1.57274 -0.14744 
1.56733 -0.0692025 
1.56579 0.00733406 
1.56807 0.0840509 
1.57201 0.0738402 
1.57548 0.0654441 
1.57858 0.0586564 
1.58137 0.05331 
1.58393 0.0492737 
1.58632 0.0464482 
1.5886 0.0447641 
1.59081 0.0441798 
1.59259 0.0271815 

