Pendulum 
-1.5708 0 
-1.57417 -0.134505 
-1.58419 -0.265717 
-1.60063 -0.390427 
-1.62308 -0.505587 
-1.65098 -0.608391 
-1.68367 -0.696354 
-1.71355 -0.496369 
-1.7331 -0.284355 
-1.74187 -0.0654695 
-1.73962 0.154996 
-1.72643 0.371719 
-1.7026 0.579452 
-1.66872 0.773121 
-1.6256 0.947957 
-1.57431 1.09963 
-1.51781 1.15573 
-1.45921 1.18359 
-1.39993 1.18267 
-1.34142 1.15323 
-1.28507 1.09631 
-1.2307 1.07403 
-1.18027 0.939215 
-1.13714 0.783126 
-1.10225 0.609627 
-1.07639 0.422798 
-1.06012 0.226847 
-1.05379 0.026044 
-1.05753 -0.175314 
-1.07106 -0.364935 
-1.09389 -0.546705 
-1.12553 -0.716572 
-1.16529 -0.870595 
-1.21226 -1.00502 
-1.2654 -1.1164 
-1.324 -1.2228 
-1.3872 -1.30018 
-1.45349 -1.34627 
-1.52128 -1.35966 
-1.58891 -1.33981 
-1.65472 -1.2872 
-1.71998 -1.31821 
-1.786 -1.31733 
-1.85119 -1.28496 
-1.914 -1.22238 
-1.97296 -1.13161 
-2.02673 -1.01535 
-2.06899 -0.671895 
-2.09368 -0.313958 
-2.10027 0.0506554 
-2.08863 0.414195 
-2.059 0.768903 
-2.01202 1.10695 
-1.94872 1.42045 
-1.87051 1.70161 
-1.78251 1.81175 
-1.69006 1.87856 
-1.59541 1.89974 
-1.49968 1.92161 
-1.40403 1.89659 
-1.31079 1.82583 
-1.22217 1.7119 
-1.14025 1.55858 
-1.06996 1.24794 
-1.01591 0.910441 
-0.979235 0.553952 
-0.9607 0.186171 
-0.96068 -0.185358 
-0.979174 -0.553155 
-1.01581 -0.909678 
-1.06983 -1.24722 
-1.14008 -1.55794 
-1.22504 -1.83396 
-1.32382 -2.10951 
-1.43516 -2.335 
-1.55638 -2.50391 
-1.68453 -2.61162 
-1.81648 -2.65592 
-1.94907 -2.63726 
-2.07921 -2.55868 
-2.20359 -2.40815 
-2.31923 -2.21005 
-2.4183 -1.74715 
-2.49347 -1.25576 
-2.54356 -0.745652 
-2.56786 -0.225163 
-2.56603 0.298349 
-2.53809 0.817843 
-2.48444 1.32586 
-2.40584 1.81389 
-2.30321 2.2852 
-2.17938 2.66037 
-2.03807 2.98201 
-1.88074 3.29944 
-1.70941 3.54005 
-1.52816 3.69503 
-1.34141 3.75993 
-1.15366 3.73547 
-0.969255 3.62762 
-0.792119 3.44665 
-0.625392 3.2136 
-0.471529 2.93435 
-0.332503 2.62227 
-0.21269 2.16761 
-0.115931 1.70146 
-0.0426273 1.23024 
0.00706907 0.757552 
0.0331289 0.284888 
0.0355614 -0.187585 
0.014368 -0.660194 
-0.0285977 -1.05841 
-0.0914597 -1.45576 
-0.174118 -1.84968 
-0.276294 -2.23552 
-0.397419 -2.60619 
-0.536499 -2.95191 
-0.697114 -3.46512 
-0.8821 -3.9236 
-1.08824 -4.30781 
-1.30845 -4.48391 
-1.53486 -4.55441 
-1.76203 -4.51399 
-1.98446 -4.36553 
-2.19696 -4.1195 
-2.39504 -3.79182 
-2.57509 -3.40096 
-2.73323 -2.91887 
-2.8665 -2.40801 
-2.97377 -1.88078 
-3.05444 -1.34555 
-3.10827 -0.807222 
-3.13515 -0.268105 
-3.13492 0.277519 
-3.1074 0.823052 
-3.05146 1.41459 
-2.966 2.00275 
-2.85133 2.58199 
-2.70811 3.14271 
-2.5376 3.67068 
-2.34189 4.14725 
-2.12409 4.55087 
-1.88839 4.85983 
-1.63999 5.05623 
-1.38421 5.15381 
-1.12667 5.12812 
-0.873287 4.98964 
-0.62926 4.75782 
-0.398649 4.45741 
-0.184229 4.11437 
0.0124765 3.75248 
0.191034 3.39131 
0.351867 3.04555 
0.495646 2.71043 
0.623435 2.40668 
0.736887 2.13721 
0.837742 1.90286 
0.92775 1.70313 
1.00861 1.5368 
1.08196 1.40237 
1.14936 1.29831 
1.21228 1.22334 
1.26823 1.01895 
1.31457 0.838431 
1.3524 0.677829 
1.38262 0.533481 
1.40596 0.402005 
1.42299 0.280273 
1.4341 0.165351 
1.43959 0.0544534 
1.43957 -0.0551175 
1.4385 0.0120081 
1.44078 0.0794263 
1.44647 0.14878 
1.45572 0.221762 
1.46874 0.300159 
1.48585 0.385894 
1.50748 0.481078 
1.52747 0.319982 
1.53961 0.166741 
1.54421 0.0175953 

