Pendulum 
-1.5708 0 
-1.4852 0.7119 
-1.27074 1.07318 
-1.03117 0.92725 
-0.875317 0.380134 
-0.867894 -0.317727 
-1.11088 -1.7192 
-1.59826 -2.33971 
-2.09765 -1.82217 
-2.37454 -0.50428 
-2.31527 1.00396 
-2.03986 1.30557 
-1.75981 1.02923 
-1.60537 0.255497 
-1.65217 -0.644659 
-1.8771 -1.22756 
-2.17173 -1.23429 
-2.40512 -0.729109 
-2.3109 1.52401 
-1.75036 3.16323 
-0.974262 3.30173 
-0.33662 2.10025 
-0.0391081 0.468006 
-0.179298 -1.6826 
-0.796702 -3.58245 
-1.72599 -4.1707 
-2.56161 -2.83699 
-2.96552 -0.622951 
-2.9619 0.65424 
-2.50167 3.2838 
-1.53342 4.81553 
-0.462925 4.16376 
0.305519 2.50147 
0.712189 1.11077 
0.8443 0.0730864 
0.74456 -0.967284 
0.427301 -1.85799 
-0.138214 -3.09286 
-0.974043 -4.01435 
-1.85973 -3.36153 
-2.39702 -1.14196 
-2.58538 -0.453332 
-2.59577 0.365029 
-2.18223 3.12828 
-1.25891 4.56261 
-0.243128 4.01671 
0.546876 2.90083 
1.0632 1.72888 
1.31854 0.580223 
1.48934 0.967748 
1.63424 0.34625 
1.66273 -0.0879187 
1.59022 -0.5696 
1.55183 0.22147 
1.57644 0.00170754 

